Wave   ;Sample   ;Dark     ;Reference;Scope
 335,38;26113,000;   28,800;    0,000
 335,67;26795,500; -230,200;    0,000
 335,96;27873,500; -666,400;    0,000
 336,25;28697,000; -257,900;    0,000
 336,54;30083,000;  500,100;    0,000
 336,83;30251,500; -202,200;    0,000
 337,13;31248,000; -465,200;    0,000
 337,42;32792,500; -104,400;    0,000
 337,71;33407,000; -447,400;    0,000
 338,00;34902,500; -222,900;    0,000
 338,29;35717,500;  -49,600;    0,000
 338,58;36435,000;  573,100;    0,000
 338,87;37627,000; 1056,300;    0,000
 339,16;39282,500; -181,800;    0,000
 339,46;39380,000;  245,700;    0,000
 339,75;41154,000;  655,400;    0,000
 340,04;42692,000;   92,500;    0,000
 340,33;43350,500; -334,000;    0,000
 340,62;44798,500; -201,300;    0,000
 340,91;46036,000; -548,700;    0,000
 341,20;46788,500; -447,200;    0,000
 341,49;48777,000; -507,600;    0,000
 341,78;50205,500; 1118,900;    0,000
 342,07;51412,000;  -10,300;    0,000
 342,37;52629,500; -737,000;    0,000
 342,66;54833,500;  394,600;    0,000
 342,95;55760,000;   38,500;    0,000
 343,24;56893,500; -539,300;    0,000
 343,53;58050,000;  496,100;    0,000
 343,82;58845,000; -271,000;    0,000
 344,11;58934,500;  374,600;    0,000
 344,40;60452,000; -486,200;    0,000
 344,69;60614,500; -169,000;    0,000
 344,98;61950,000; -449,200;    0,000
 345,27;62503,000;  149,800;    0,000
 345,56;62963,000; -108,700;    0,000
 345,85;63813,500;  224,400;    0,000
 346,14;64368,500;  220,600;    0,000
 346,44;64393,500; -652,700;    0,000
 346,73;64368,500; 1197,400;    0,000
 347,02;64393,500;  215,700;    0,000
 347,31;64368,500;  389,500;    0,000
 347,60;64393,500;  -91,000;    0,000
 347,89;64368,500;  747,000;    0,000
 348,18;64393,500; -567,600;    0,000
 348,47;64368,500; -563,600;    0,000
 348,76;64393,500;   98,200;    0,000
 349,05;64368,500;  169,600;    0,000
 349,34;64393,500;    8,200;    0,000
 349,63;64368,500; -242,800;    0,000
 349,92;64393,500;  156,300;    0,000
 350,21;64368,500; -360,800;    0,000
 350,50;64393,500; -222,300;    0,000
 350,79;64368,500; -194,400;    0,000
 351,08;64393,500;  501,400;    0,000
 351,37;64368,500;  568,100;    0,000
 351,66;64393,500; -104,800;    0,000
 351,95;64368,500;  522,400;    0,000
 352,24;64393,500; -132,200;    0,000
 352,53;64368,500; -266,300;    0,000
 352,82;64393,500;  605,200;    0,000
 353,11;64368,500;  412,900;    0,000
 353,40;64393,500;   27,300;    0,000
 353,69;64368,500; -570,700;    0,000
 353,98;64393,500;  269,800;    0,000
 354,27;64368,500; -393,400;    0,000
 354,56;64393,500; -480,700;    0,000
 354,85;64368,500; -267,900;    0,000
 355,14;64393,500; -670,200;    0,000
 355,43;64368,500; -379,700;    0,000
 355,72;64393,500;  211,800;    0,000
 356,01;64368,500; -490,700;    0,000
 356,30;64393,500; -393,300;    0,000
 356,59;64368,500;   19,900;    0,000
 356,88;64393,500; -500,500;    0,000
 357,17;64368,500;  163,800;    0,000
 357,46;64393,500;  919,800;    0,000
 357,75;64368,500; -812,500;    0,000
 358,04;64393,500; 1075,000;    0,000
 358,33;64368,500; -665,100;    0,000
 358,62;64393,500; -482,900;    0,000
 358,91;64368,500; -186,800;    0,000
 359,20;64393,500;   74,000;    0,000
 359,49;64368,500;   -7,200;    0,000
 359,78;64393,500; -367,400;    0,000
 360,07;64368,500; -418,000;    0,000
 360,36;64393,500;  746,700;    0,000
 360,65;64368,500; -123,800;    0,000
 360,94;64393,500;  207,400;    0,000
 361,23;64368,500;   71,600;    0,000
 361,52;64393,500;  836,000;    0,000
 361,81;64368,500; -300,300;    0,000
 362,10;64393,500;  517,500;    0,000
 362,39;64368,500;  -91,800;    0,000
 362,68;64393,500; -219,200;    0,000
 362,97;64368,500;  -55,000;    0,000
 363,26;64393,500; -113,600;    0,000
 363,54;64368,500;  -50,000;    0,000
 363,83;64393,500;  -20,700;    0,000
 364,12;64368,500; -418,900;    0,000
 364,41;64393,500;  370,200;    0,000
 364,70;64368,500;  329,200;    0,000
 364,99;64393,500; -465,600;    0,000
 365,28;64368,500;  -87,100;    0,000
 365,57;64393,500;  102,700;    0,000
 365,86;64368,500; -726,200;    0,000
 366,15;64393,500; -384,200;    0,000
 366,44;64368,500; -195,100;    0,000
 366,73;64393,500;-1003,100;    0,000
 367,02;64368,500; -230,700;    0,000
 367,31;64393,500; -150,200;    0,000
 367,59;64368,500; -537,800;    0,000
 367,88;64393,500; -472,000;    0,000
 368,17;64368,500; -343,600;    0,000
 368,46;64393,500;  -65,500;    0,000
 368,75;64368,500; -117,300;    0,000
 369,04;64393,500; -652,900;    0,000
 369,33;64368,500; -188,600;    0,000
 369,62;64393,500;  111,000;    0,000
 369,91;64368,500;   70,700;    0,000
 370,20;64393,500; -320,300;    0,000
 370,48;64368,500;  336,200;    0,000
 370,77;64393,500;  142,200;    0,000
 371,06;64368,500; -634,200;    0,000
 371,35;64393,500;  364,500;    0,000
 371,64;64368,500; -600,800;    0,000
 371,93;64393,500;  585,900;    0,000
 372,22;64368,500;  235,900;    0,000
 372,51;64393,500; -474,900;    0,000
 372,79;64368,500; -530,300;    0,000
 373,08;64393,500;   58,500;    0,000
 373,37;64368,500; -221,600;    0,000
 373,66;64393,500; -374,100;    0,000
 373,95;64368,500; -491,800;    0,000
 374,24;64393,500; -344,300;    0,000
 374,53;64368,500; -279,900;    0,000
 374,81;64393,500; -251,300;    0,000
 375,10;64368,500;  257,600;    0,000
 375,39;64393,500; -126,300;    0,000
 375,68;64368,500; -444,400;    0,000
 375,97;64393,500; -569,100;    0,000
 376,26;64368,500; -959,900;    0,000
 376,55;64393,500; -252,900;    0,000
 376,83;64368,500; -714,700;    0,000
 377,12;64393,500; -325,700;    0,000
 377,41;64368,500; -902,800;    0,000
 377,70;64393,500; -417,900;    0,000
 377,99;64368,500;  431,700;    0,000
 378,28;64393,500;  161,700;    0,000
 378,56;64368,500; -177,500;    0,000
 378,85;64393,500; -521,100;    0,000
 379,14;64368,500; -833,500;    0,000
 379,43;64393,500; -448,400;    0,000
 379,72;64368,500; -940,200;    0,000
 380,01;64393,500; -208,400;    0,000
 380,29;64368,500;  283,800;    0,000
 380,58;64393,500;   28,500;    0,000
 380,87;64368,500;  185,900;    0,000
 381,16;64393,500; -310,900;    0,000
 381,45;64368,500; -414,600;    0,000
 381,73;64393,500; -723,200;    0,000
 382,02;64368,500;  502,400;    0,000
 382,31;64393,500; -173,100;    0,000
 382,60;64368,500;  -74,300;    0,000
 382,89;64393,500; -297,500;    0,000
 383,17;64368,500;  -45,700;    0,000
 383,46;64393,500; -269,800;    0,000
 383,75;64368,500;  596,600;    0,000
 384,04;64393,500;  363,600;    0,000
 384,33;64368,500; -826,300;    0,000
 384,61;64393,500; -180,100;    0,000
 384,90;64368,500; -545,300;    0,000
 385,19;64393,500; -345,000;    0,000
 385,48;64368,500;   88,300;    0,000
 385,76;64393,500; -354,900;    0,000
 386,05;64368,500; -630,400;    0,000
 386,34;64393,500;  463,700;    0,000
 386,63;64368,500;  -76,700;    0,000
 386,92;64393,500; -949,100;    0,000
 387,20;64368,500; -593,800;    0,000
 387,49;64393,500;  123,900;    0,000
 387,78;64368,500; -338,800;    0,000
 388,07;64393,500;  183,700;    0,000
 388,35;64368,500; -280,400;    0,000
 388,64;64393,500;  180,900;    0,000
 388,93;64368,500; -747,000;    0,000
 389,22;64393,500;  503,100;    0,000
 389,50;64368,500;  414,700;    0,000
 389,79;64393,500; -809,700;    0,000
 390,08;64368,500; -579,400;    0,000
 390,37;64393,500;  175,900;    0,000
 390,65;64368,500; -425,600;    0,000
 390,94;64393,500; -540,300;    0,000
 391,23;64368,500;  237,000;    0,000
 391,52;64393,500;  219,900;    0,000
 391,80;64368,500; -413,900;    0,000
 392,09;64393,500;   92,600;    0,000
 392,38;64368,500;  -61,500;    0,000
 392,66;64393,500; -378,800;    0,000
 392,95;64368,500;   75,900;    0,000
 393,24;64393,500;  358,100;    0,000
 393,53;64368,500;    5,000;    0,000
 393,81;64393,500; -103,000;    0,000
 394,10;64368,500; -390,200;    0,000
 394,39;64393,500; -402,900;    0,000
 394,67;63586,500; -430,000;    0,000
 394,96;63482,500; -832,100;    0,000
 395,25;63212,500;  131,400;    0,000
 395,54;62894,000;  450,100;    0,000
 395,82;61820,500; -510,900;    0,000
 396,11;61508,500;  616,100;    0,000
 396,40;60915,000;   -6,200;    0,000
 396,68;60489,500;   53,600;    0,000
 396,97;59765,500;   33,200;    0,000
 397,26;58387,500;  216,900;    0,000
 397,54;56716,500; -702,200;    0,000
 397,83;55536,500; -936,100;    0,000
 398,12;55323,500;   76,900;    0,000
 398,40;56071,500; -463,400;    0,000
 398,69;63963,000; -543,100;    0,000
 398,98;64393,500; -475,900;    0,000
 399,26;64368,500; -281,000;    0,000
 399,55;64393,500; -849,000;    0,000
 399,84;64368,500; -867,300;    0,000
 400,12;64393,500; -333,900;    0,000
 400,41;64368,500;   57,400;    0,000
 400,70;64393,500; -581,900;    0,000
 400,98;64368,500;  -18,900;    0,000
 401,27;64393,500; -854,500;    0,000
 401,56;64368,500; -242,200;    0,000
 401,84;64393,500;  -76,300;    0,000
 402,13;64368,500; -237,500;    0,000
 402,42;64393,500; -354,900;    0,000
 402,70;64368,500; -179,200;    0,000
 402,99;64393,500; -148,100;    0,000
 403,28;64368,500; -781,400;    0,000
 403,56;64393,500; -527,900;    0,000
 403,85;64368,500;  521,500;    0,000
 404,14;64393,500; -736,100;    0,000
 404,42;64368,500; -793,700;    0,000
 404,71;64393,500; -264,400;    0,000
 404,99;64368,500;-1016,300;    0,000
 405,28;64393,500; -408,200;    0,000
 405,57;64368,500; -650,300;    0,000
 405,85;64393,500; -486,500;    0,000
 406,14;64368,500; -414,700;    0,000
 406,43;64393,500; -260,700;    0,000
 406,71;64368,500; -365,900;    0,000
 407,00;64393,500; 1716,800;    0,000
 407,28;64368,500; -667,300;    0,000
 407,57;64393,500; -514,500;    0,000
 407,86;64368,500; -185,000;    0,000
 408,14;64393,500;  224,200;    0,000
 408,43;64368,500; -306,500;    0,000
 408,71;64393,500; -154,500;    0,000
 409,00;64368,500;  101,000;    0,000
 409,29;64393,500;  126,600;    0,000
 409,57;64368,500; -423,400;    0,000
 409,86;62795,000; -397,700;    0,000
 410,14;61723,000; -541,700;    0,000
 410,43;58783,000; -321,700;    0,000
 410,72;54391,000;   73,900;    0,000
 411,00;50154,000;  571,500;    0,000
 411,29;44788,500;  378,100;    0,000
 411,57;35321,000; -493,900;    0,000
 411,86;19799,500; -602,400;    0,000
 412,15;18359,000; -633,800;    0,000
 412,43;17484,000; -780,600;    0,000
 412,72;16944,500; -130,000;    0,000
 413,00;16381,500; -317,300;    0,000
 413,29;15861,500; -698,900;    0,000
 413,57;15003,500; -492,500;    0,000
 413,86;14691,500; -394,400;    0,000
 414,15;13752,000; -461,900;    0,000
 414,43;13020,500; -356,300;    0,000
 414,72;12323,500; -369,500;    0,000
 415,00;11068,000; -733,700;    0,000
 415,29;10620,500;  -81,300;    0,000
 415,57;10247,500; -173,500;    0,000
 415,86;10193,000; -570,000;    0,000
 416,14; 9822,000; -860,100;    0,000
 416,43; 9760,000;   56,000;    0,000
 416,71; 9552,500; -142,300;    0,000
 417,00; 9241,500; -658,900;    0,000
 417,29; 9161,000; -985,800;    0,000
 417,57; 8618,000; -271,300;    0,000
 417,86; 8776,500;  -41,200;    0,000
 418,14; 8335,000; -535,400;    0,000
 418,43; 8081,000; -531,700;    0,000
 418,71; 8181,500;  530,600;    0,000
 419,00; 8263,500; -645,000;    0,000
 419,28; 7666,000; -879,400;    0,000
 419,57; 7841,000; -443,900;    0,000
 419,85; 7716,500;  154,400;    0,000
 420,14; 7554,500;  503,700;    0,000
 420,42; 7134,000; -732,900;    0,000
 420,71; 7391,500;  258,000;    0,000
 420,99; 7051,500; -256,600;    0,000
 421,28; 7360,500;  306,200;    0,000
 421,56; 7021,500; -571,300;    0,000
 421,85; 7206,500; -605,000;    0,000
 422,13; 7153,500; 1167,200;    0,000
 422,42; 6794,000; -336,800;    0,000
 422,70; 6696,000; -800,600;    0,000
 422,99; 6707,000; -623,900;    0,000
 423,27; 6642,000; -414,100;    0,000
 423,56; 6652,500; -317,200;    0,000
 423,84; 6643,000; -621,500;    0,000
 424,13; 6851,500; -687,500;    0,000
 424,41; 6579,500; -307,900;    0,000
 424,70; 6723,500; -386,200;    0,000
 424,98; 6554,500; -506,300;    0,000
 425,27; 6713,000;  269,600;    0,000
 425,55; 6519,500;-1062,000;    0,000
 425,84; 6791,000;  126,100;    0,000
 426,12; 6398,500; -813,100;    0,000
 426,40; 6499,000; -953,300;    0,000
 426,69; 6669,500;  -97,900;    0,000
 426,97; 6643,500;  594,200;    0,000
 427,26; 6506,500; -535,000;    0,000
 427,54; 6574,000; -799,700;    0,000
 427,83; 6671,500; -538,600;    0,000
 428,11; 6707,500; -418,800;    0,000
 428,40; 6596,500; -748,900;    0,000
 428,68; 6979,000; -224,900;    0,000
 428,97; 7073,000;  973,700;    0,000
 429,25; 6915,000;  -20,300;    0,000
 429,53; 7381,500; -324,800;    0,000
 429,82;10491,000;  -75,000;    0,000
 430,10;14992,500; -680,700;    0,000
 430,39;16887,000; -306,000;    0,000
 430,67;18436,500;   39,200;    0,000
 430,96;20048,000; -746,300;    0,000
 431,24;21430,500;  435,500;    0,000
 431,52;22382,000;  460,700;    0,000
 431,81;23613,500;   87,100;    0,000
 432,09;24104,000; -343,200;    0,000
 432,38;24189,000; -110,400;    0,000
 432,66;24821,000; -363,900;    0,000
 432,95;24774,000; -106,500;    0,000
 433,23;24997,500; -219,700;    0,000
 433,51;24605,000; -916,400;    0,000
 433,80;25248,000; -220,600;    0,000
 434,08;24885,500;  113,300;    0,000
 434,37;25073,500; -173,800;    0,000
 434,65;25630,000; -536,900;    0,000
 434,93;25764,000;  273,500;    0,000
 435,22;25365,000; -957,000;    0,000
 435,50;26066,000; -183,600;    0,000
 435,78;25489,000; -688,600;    0,000
 436,07;26219,500; -669,300;    0,000
 436,35;26067,000;  135,100;    0,000
 436,64;26102,000; -321,000;    0,000
 436,92;26081,000; -315,500;    0,000
 437,20;26409,000; -191,200;    0,000
 437,49;26295,000; -414,600;    0,000
 437,77;26395,000; -344,500;    0,000
 438,06;26411,000;  107,100;    0,000
 438,34;26349,000; -956,300;    0,000
 438,62;26735,500; -340,000;    0,000
 438,91;26717,000; -567,800;    0,000
 439,19;25959,500; -298,800;    0,000
 439,47;26201,000; -642,300;    0,000
 439,76;26101,500;  -19,200;    0,000
 440,04;25580,500; -570,700;    0,000
 440,32;25139,500; -330,500;    0,000
 440,61;24707,000; -793,000;    0,000
 440,89;24039,500;   82,800;    0,000
 441,17;23771,000;  270,000;    0,000
 441,46;22400,000; -377,300;    0,000
 441,74;21510,500; -762,700;    0,000
 442,02;20724,500; -569,000;    0,000
 442,31;19345,000;  453,100;    0,000
 442,59;17562,500; -261,800;    0,000
 442,87;14199,500; -610,200;    0,000
 443,16;11068,000; -811,300;    0,000
 443,44;11080,500; -117,500;    0,000
 443,72;11179,500; -304,500;    0,000
 444,01;11259,500; -384,000;    0,000
 444,29;11667,500; -556,600;    0,000
 444,57;11678,500; -155,500;    0,000
 444,86;12226,000;  416,800;    0,000
 445,14;11997,500;  -99,500;    0,000
 445,42;12211,000;   -2,400;    0,000
 445,71;12151,000; -358,700;    0,000
 445,99;12041,000; -404,100;    0,000
 446,27;12437,500; -755,500;    0,000
 446,56;12752,000; -615,300;    0,000
 446,84;13160,000; -754,600;    0,000
 447,12;13170,500; -974,400;    0,000
 447,40;12933,000; -732,700;    0,000
 447,69;13595,500; -196,400;    0,000
 447,97;13429,500;   -5,500;    0,000
 448,25;13880,000;  344,500;    0,000
 448,54;13785,500; -880,800;    0,000
 448,82;13701,500; -888,800;    0,000
 449,10;14443,500; -513,200;    0,000
 449,38;14378,500; -556,500;    0,000
 449,67;14562,500; -264,100;    0,000
 449,95;14597,500;  496,000;    0,000
 450,23;14818,000; -670,700;    0,000
 450,52;15220,500;  488,800;    0,000
 450,80;15381,500; -777,600;    0,000
 451,08;15287,000; -733,900;    0,000
 451,36;15674,500;  272,900;    0,000
 451,65;15470,000; -310,200;    0,000
 451,93;16352,500; -358,100;    0,000
 452,21;16698,000; 1023,300;    0,000
 452,49;16370,000; -730,300;    0,000
 452,78;16570,500; -245,500;    0,000
 453,06;16789,500; -519,900;    0,000
 453,34;17314,500; -755,800;    0,000
 453,62;17154,500; -336,600;    0,000
 453,91;17489,000; -604,700;    0,000
 454,19;17695,500; 1589,500;    0,000
 454,47;18069,500;  628,100;    0,000
 454,75;18326,500; -688,600;    0,000
 455,04;18415,500;   -8,600;    0,000
 455,32;18781,000; -253,300;    0,000
 455,60;18718,500; -229,400;    0,000
 455,88;19179,500;  124,500;    0,000
 456,16;19461,500;  687,500;    0,000
 456,45;19288,000; -359,400;    0,000
 456,73;19737,500; -530,800;    0,000
 457,01;19980,500; -823,800;    0,000
 457,29;20073,500;  255,700;    0,000
 457,58;20162,500; -619,100;    0,000
 457,86;20267,000; -974,700;    0,000
 458,14;20702,000; -787,200;    0,000
 458,42;21144,000; -804,700;    0,000
 458,70;20982,500;  195,100;    0,000
 458,99;21353,500; -712,700;    0,000
 459,27;21587,000; -948,000;    0,000
 459,55;21709,000; -675,800;    0,000
 459,83;22660,500;  860,500;    0,000
 460,11;23061,000;  814,100;    0,000
 460,40;22325,500; -957,300;    0,000
 460,68;22716,500; -804,200;    0,000
 460,96;23454,000;  899,500;    0,000
 461,24;23483,500; -226,400;    0,000
 461,52;23671,000;  242,400;    0,000
 461,80;23231,500; -603,500;    0,000
 462,09;23526,500; -654,300;    0,000
 462,37;24100,000; -385,900;    0,000
 462,65;23842,000; -719,600;    0,000
 462,93;24509,500;   12,800;    0,000
 463,21;24923,500; -532,100;    0,000
 463,49;24959,000;   39,800;    0,000
 463,78;25203,500;  146,100;    0,000
 464,06;25414,000; -254,600;    0,000
 464,34;25538,000; -562,100;    0,000
 464,62;25710,000; -250,900;    0,000
 464,90;25965,000;  590,200;    0,000
 465,18;25945,000; -721,600;    0,000
 465,47;26124,500; -382,500;    0,000
 465,75;26148,000; -285,000;    0,000
 466,03;26633,500;   52,200;    0,000
 466,31;26631,500;  170,800;    0,000
 466,59;26790,000;  -53,700;    0,000
 466,87;27091,500;  128,200;    0,000
 467,15;27170,500; -654,800;    0,000
 467,43;27313,500; -414,400;    0,000
 467,72;26911,000; -398,200;    0,000
 468,00;27641,000; -453,700;    0,000
 468,28;27249,500; -844,500;    0,000
 468,56;27570,500; -138,600;    0,000
 468,84;27568,000; -542,100;    0,000
 469,12;27598,500;-1021,800;    0,000
 469,40;28178,000; -561,000;    0,000
 469,68;28267,500; -433,900;    0,000
 469,97;28316,500;  -98,900;    0,000
 470,25;28411,000; -934,200;    0,000
 470,53;28405,500;   82,500;    0,000
 470,81;28633,000;  683,900;    0,000
 471,09;29299,500;  -86,800;    0,000
 471,37;28820,500;  -19,400;    0,000
 471,65;28737,000; -552,000;    0,000
 471,93;28597,500; -499,700;    0,000
 472,21;29220,000; -426,400;    0,000
 472,49;28578,500; -221,400;    0,000
 472,77;29104,500;  -70,500;    0,000
 473,06;29061,500; -900,300;    0,000
 473,34;28883,500; -429,000;    0,000
 473,62;28670,000;  218,200;    0,000
 473,90;29023,000;  428,800;    0,000
 474,18;29159,000; -246,200;    0,000
 474,46;28614,500;   26,700;    0,000
 474,74;28712,000; -170,300;    0,000
 475,02;29147,500;  763,000;    0,000
 475,30;29072,500; 1321,200;    0,000
 475,58;28406,000; -985,600;    0,000
 475,86;28491,000; -463,300;    0,000
 476,14;28730,500; -788,100;    0,000
 476,42;28807,500; -143,500;    0,000
 476,70;28756,500;  397,200;    0,000
 476,98;28157,000;  508,700;    0,000
 477,27;28616,000;   55,000;    0,000
 477,55;28320,500; -639,400;    0,000
 477,83;28006,500; -340,300;    0,000
 478,11;27949,500; -817,400;    0,000
 478,39;27890,000;  290,400;    0,000
 478,67;27813,000;  845,900;    0,000
 478,95;27681,500;  357,200;    0,000
 479,23;27417,000; -487,200;    0,000
 479,51;27319,500; -310,600;    0,000
 479,79;27479,000;  366,800;    0,000
 480,07;27163,000; -721,700;    0,000
 480,35;26748,000; -297,100;    0,000
 480,63;26636,000; -509,700;    0,000
 480,91;26403,500; -405,200;    0,000
 481,19;26248,000;   80,000;    0,000
 481,47;25937,500; -639,800;    0,000
 481,75;26867,500; 3113,900;    0,000
 482,03;25711,000; -706,000;    0,000
 482,31;25926,500; -341,300;    0,000
 482,59;25611,000; -289,200;    0,000
 482,87;25018,000;  105,100;    0,000
 483,15;24789,000; -548,500;    0,000
 483,43;24988,000; -187,900;    0,000
 483,71;24435,500; -709,300;    0,000
 483,99;24479,000;  699,800;    0,000
 484,27;24221,000;  352,900;    0,000
 484,55;24006,000; -594,400;    0,000
 484,83;23896,000; -431,700;    0,000
 485,11;23400,500;  -90,600;    0,000
 485,39;22877,500; -572,900;    0,000
 485,67;23074,000;  603,500;    0,000
 485,95;22596,000;  202,900;    0,000
 486,23;22826,500;  480,300;    0,000
 486,51;21832,000; -948,400;    0,000
 486,79;22085,500;  -48,900;    0,000
 487,07;22276,000;  783,000;    0,000
 487,35;21149,500;-1137,100;    0,000
 487,63;21316,000;  693,800;    0,000
 487,91;21146,500;  190,300;    0,000
 488,18;20816,500; -474,500;    0,000
 488,46;20247,500; -180,900;    0,000
 488,74;20220,000; -737,600;    0,000
 489,02;19752,500; -894,700;    0,000
 489,30;19985,000;  856,900;    0,000
 489,58;19134,500; -264,700;    0,000
 489,86;18667,000; -497,500;    0,000
 490,14;18761,500; -606,500;    0,000
 490,42;18194,500; -722,500;    0,000
 490,70;18326,000;   22,300;    0,000
 490,98;17920,500; -414,000;    0,000
 491,26;18039,000; -617,700;    0,000
 491,54;17299,000; -100,800;    0,000
 491,82;17428,500;  316,200;    0,000
 492,10;17069,000; -154,800;    0,000
 492,37;17049,500;  408,800;    0,000
 492,65;16275,500; -514,200;    0,000
 492,93;16003,000; -792,600;    0,000
 493,21;16027,000; -297,000;    0,000
 493,49;15526,000;  -60,900;    0,000
 493,77;15558,000; -759,000;    0,000
 494,05;15152,000; -627,900;    0,000
 494,33;15258,500; -462,100;    0,000
 494,61;14776,000; -387,300;    0,000
 494,89;14733,000;  106,000;    0,000
 495,16;14084,500; -164,400;    0,000
 495,44;14016,000; -454,500;    0,000
 495,72;13789,000;  761,700;    0,000
 496,00;13409,000; -706,500;    0,000
 496,28;13177,000; -419,200;    0,000
 496,56;13395,500; -736,100;    0,000
 496,84;12967,500; -623,800;    0,000
 497,12;12604,500; -787,600;    0,000
 497,40;12717,000;  459,600;    0,000
 497,67;12312,500;  339,000;    0,000
 497,95;11946,500; -697,600;    0,000
 498,23;12321,500;  811,600;    0,000
 498,51;11609,000; -508,000;    0,000
 498,79;11588,500; -456,500;    0,000
 499,07;11324,500;  388,400;    0,000
 499,35;11246,000;  444,700;    0,000
 499,62;10857,000; -161,900;    0,000
 499,90;10891,500;  117,500;    0,000
 500,18;10707,500;  216,300;    0,000
 500,46;10152,000; -736,500;    0,000
 500,74;10387,500;  -74,100;    0,000
 501,02; 9828,500; -429,000;    0,000
 501,30;10028,500; -139,300;    0,000
 501,57; 9670,500;  516,300;    0,000
 501,85; 9571,500;  134,100;    0,000
 502,13; 9569,000;   70,600;    0,000
 502,41; 9313,500; -400,100;    0,000
 502,69; 9150,000; -261,300;    0,000
 502,96; 9044,000; 1538,900;    0,000
 503,24; 8945,000;  365,900;    0,000
 503,52; 8687,000; -119,500;    0,000
 503,80; 8420,500; -210,100;    0,000
 504,08; 8270,500; -547,600;    0,000
 504,36; 8215,000; -507,300;    0,000
 504,63; 8265,000;  456,800;    0,000
 504,91; 7925,500;  239,800;    0,000
 505,19; 7717,500;  531,600;    0,000
 505,47; 7739,500;  282,800;    0,000
 505,75; 7677,000;  199,600;    0,000
 506,02; 7228,500;    1,600;    0,000
 506,30; 7367,000;  615,200;    0,000
 506,58; 7203,500;   28,100;    0,000
 506,86; 6772,500; 1053,000;    0,000
 507,14; 7096,500;  938,800;    0,000
 507,41; 6734,000; -212,600;    0,000
 507,69; 6702,500;  233,500;    0,000
 507,97; 6705,500;  860,500;    0,000
 508,25; 6352,000;  273,400;    0,000
 508,52; 6455,500;  148,400;    0,000
 508,80; 6475,000;  687,100;    0,000
 509,08; 6264,500; 1550,700;    0,000
 509,36; 6337,000;  756,300;    0,000
 509,64; 6068,500;  180,000;    0,000
 509,91; 5677,000;  456,500;    0,000
 510,19; 5782,000;  703,900;    0,000
 510,47; 5720,500;  513,500;    0,000
 510,75; 5661,000; 1156,300;    0,000
 511,02; 5724,500; 1283,900;    0,000
 511,30; 5716,000; 2376,100;    0,000
 511,58; 5610,000; 1374,500;    0,000
 511,86; 5370,000; 1559,800;    0,000
 512,13; 5418,500; 1843,100;    0,000
 512,41; 5289,000; 2656,200;    0,000
 512,69; 5296,000; 2448,600;    0,000
 512,97; 5276,500; 2264,000;    0,000
 513,24; 5026,000; 2091,700;    0,000
 513,52; 4906,000; 1793,100;    0,000
 513,80; 4937,500; 2991,800;    0,000
 514,07; 4899,500; 2713,700;    0,000
 514,35; 4746,500; 2679,500;    0,000
 514,63; 4643,500; 2343,900;    0,000
 514,91; 4708,000; 2674,500;    0,000
 515,18; 4577,000; 2714,900;    0,000
 515,46; 4568,000; 3847,400;    0,000
 515,74; 4438,000; 3272,900;    0,000
 516,01; 4549,000; 4409,300;    0,000
 516,29; 4664,500; 4952,000;    0,000
 516,57; 4269,500; 3776,000;    0,000
 516,85; 4272,500; 3761,600;    0,000
 517,12; 4212,000; 3861,500;    0,000
 517,40; 4295,000; 4444,400;    0,000
 517,68; 3983,500; 4509,100;    0,000
 517,95; 4131,000; 5313,900;    0,000
 518,23; 3968,000; 5641,700;    0,000
 518,51; 4260,500; 6147,700;    0,000
 518,78; 3748,500; 5418,700;    0,000
 519,06; 4178,500; 6688,300;    0,000
 519,34; 4039,500; 7071,800;    0,000
 519,61; 3837,500; 6126,100;    0,000
 519,89; 3798,500; 6965,500;    0,000
 520,17; 3842,000; 7597,000;    0,000
 520,44; 3928,000; 8301,700;    0,000
 520,72; 3908,500; 8449,900;    0,000
 521,00; 3757,000; 8459,300;    0,000
 521,27; 3698,000; 9044,400;    0,000
 521,55; 3665,000; 9640,800;    0,000
 521,83; 3850,500;11201,600;    0,000
 522,10; 3924,500;10641,700;    0,000
 522,38; 3697,000;10761,000;    0,000
 522,66; 3396,000;10207,600;    0,000
 522,93; 3623,000;11114,300;    0,000
 523,21; 3484,000;11711,200;    0,000
 523,49; 3360,000;11754,600;    0,000
 523,76; 3414,500;12826,800;    0,000
 524,04; 3413,500;13406,000;    0,000
 524,32; 3278,500;13543,400;    0,000
 524,59; 3529,500;15112,400;    0,000
 524,87; 3231,000;15253,900;    0,000
 525,14; 3468,000;16868,400;    0,000
 525,42; 3362,500;16039,800;    0,000
 525,70; 3409,500;17283,199;    0,000
 525,97; 3345,500;18680,900;    0,000
 526,25; 3384,000;18773,600;    0,000
 526,52; 3237,000;19217,301;    0,000
 526,80; 3220,500;19819,801;    0,000
 527,08; 3283,500;20698,199;    0,000
 527,35; 3085,500;21093,500;    0,000
 527,63; 3363,000;23168,801;    0,000
 527,91; 3117,000;23039,900;    0,000
 528,18; 3236,000;23777,600;    0,000
 528,46; 3190,500;24377,600;    0,000
 528,73; 2997,000;25470,699;    0,000
 529,01; 3154,000;26645,801;    0,000
 529,28; 3033,500;27044,699;    0,000
 529,56; 3089,500;28873,801;    0,000
 529,84; 3165,000;29689,400;    0,000
 530,11; 3139,000;29824,199;    0,000
 530,39; 3119,000;31255,500;    0,000
 530,66; 3075,500;32119,801;    0,000
 530,94; 3029,000;33280,199;    0,000
 531,22; 2932,000;34168,801;    0,000
 531,49; 3032,500;35731,102;    0,000
 531,77; 3004,000;36637,500;    0,000
 532,04; 3119,000;38177,199;    0,000
 532,32; 3032,000;39223,398;    0,000
 532,59; 2877,000;39853,398;    0,000
 532,87; 2999,500;41474,301;    0,000
 533,14; 3013,000;42684,102;    0,000
 533,42; 2937,000;43903,602;    0,000
 533,70; 2844,000;44957,301;    0,000
 533,97; 3039,000;46357,898;    0,000
 534,25; 2965,000;47585,398;    0,000
 534,52; 3057,000;49170,801;    0,000
 534,80; 2860,500;50903,301;    0,000
 535,07; 3156,500;52664,000;    0,000
 535,35; 2940,500;53380,602;    0,000
 535,62; 3123,000;54923,102;    0,000
 535,90; 2854,500;55666,898;    0,000
 536,17; 3037,000;58219,500;    0,000
 536,45; 2864,000;58571,602;    0,000
 536,72; 2875,000;60280,602;    0,000
 537,00; 2999,500;61783,500;    0,000
 537,27; 3087,500;63138,898;    0,000
 537,55; 2962,500;63066,602;    0,000
 537,82; 2959,500;63167,301;    0,000
 538,10; 3087,500;63127,602;    0,000
 538,37; 2906,000;63167,301;    0,000
 538,65; 2898,500;63127,602;    0,000
 538,92; 3169,000;63167,301;    0,000
 539,20; 3069,500;63127,602;    0,000
 539,47; 3159,500;63167,301;    0,000
 539,75; 2975,000;63127,602;    0,000
 540,02; 2930,500;63167,301;    0,000
 540,30; 3010,500;63127,602;    0,000
 540,57; 3229,500;63167,301;    0,000
 540,85; 3145,000;63127,602;    0,000
 541,12; 3123,000;63167,301;    0,000
 541,40; 2983,000;63127,602;    0,000
 541,67; 3160,000;63167,301;    0,000
 541,95; 3149,500;63127,602;    0,000
 542,22; 3546,000;63167,301;    0,000
 542,50; 3165,500;63127,602;    0,000
 542,77; 3113,000;63167,301;    0,000
 543,05; 3059,000;63127,602;    0,000
 543,32; 3049,000;63167,301;    0,000
 543,60; 2927,000;63127,602;    0,000
 543,87; 3164,500;63167,301;    0,000
 544,14; 3057,500;63127,602;    0,000
 544,42; 3003,000;63167,301;    0,000
 544,69; 3416,500;63127,602;    0,000
 544,97; 3061,000;63167,301;    0,000
 545,24; 3163,000;63127,602;    0,000
 545,52; 3195,500;63167,301;    0,000
 545,79; 3134,500;63127,602;    0,000
 546,07; 3323,500;63167,301;    0,000
 546,34; 3028,500;63127,602;    0,000
 546,61; 3232,000;63167,301;    0,000
 546,89; 3034,000;63127,602;    0,000
 547,16; 3210,000;63167,301;    0,000
 547,44; 3007,000;63127,602;    0,000
 547,71; 2898,500;63167,301;    0,000
 547,98; 2957,000;63127,602;    0,000
 548,26; 2926,500;63167,301;    0,000
 548,53; 2929,000;63127,602;    0,000
 548,81; 3116,000;63167,301;    0,000
 549,08; 3013,500;63127,602;    0,000
 549,36; 3009,000;63167,301;    0,000
 549,63; 3036,500;63127,602;    0,000
 549,90; 2959,000;63167,301;    0,000
 550,18; 2900,000;63127,602;    0,000
 550,45; 2774,500;63167,301;    0,000
 550,72; 2747,500;63127,602;    0,000
 551,00; 3107,000;63167,301;    0,000
 551,27; 3023,500;63127,602;    0,000
 551,55; 2833,500;63167,301;    0,000
 551,82; 2735,000;63127,602;    0,000
 552,09; 2939,000;63167,301;    0,000
 552,37; 2944,500;63127,602;    0,000
 552,64; 2875,000;63167,301;    0,000
 552,91; 2715,000;63127,602;    0,000
 553,19; 2912,000;63167,301;    0,000
 553,46; 2576,500;63127,602;    0,000
 553,74; 2791,000;63167,301;    0,000
 554,01; 2771,500;63127,602;    0,000
 554,28; 2740,000;63167,301;    0,000
 554,56; 2707,000;63127,602;    0,000
 554,83; 2785,500;63167,301;    0,000
 555,10; 2874,500;63127,602;    0,000
 555,38; 2808,500;63167,301;    0,000
 555,65; 2594,000;63127,602;    0,000
 555,92; 2925,000;63167,301;    0,000
 556,20; 2688,500;63127,602;    0,000
 556,47; 2684,500;63167,301;    0,000
 556,74; 2603,000;63127,602;    0,000
 557,02; 2733,500;63167,301;    0,000
 557,29; 2608,500;63127,602;    0,000
 557,56; 2580,500;63167,301;    0,000
 557,84; 2737,500;63127,602;    0,000
 558,11; 2586,000;63167,301;    0,000
 558,38; 2562,500;63127,602;    0,000
 558,66; 2548,500;63167,301;    0,000
 558,93; 2680,500;63127,602;    0,000
 559,20; 2483,000;63167,301;    0,000
 559,48; 2796,000;63127,602;    0,000
 559,75; 2622,500;63167,301;    0,000
 560,02; 2595,000;63127,602;    0,000
 560,29; 2804,000;63167,301;    0,000
 560,57; 2505,500;63127,602;    0,000
 560,84; 2576,500;63167,301;    0,000
 561,11; 2649,000;63127,602;    0,000
 561,39; 2511,000;63167,301;    0,000
 561,66; 2702,000;63127,602;    0,000
 561,93; 2591,000;63167,301;    0,000
 562,20; 2485,500;63127,602;    0,000
 562,48; 2489,000;63167,301;    0,000
 562,75; 2696,500;63127,602;    0,000
 563,02; 2757,500;63167,301;    0,000
 563,30; 2627,500;63127,602;    0,000
 563,57; 2524,000;63167,301;    0,000
 563,84; 2703,500;63127,602;    0,000
 564,11; 2528,000;63167,301;    0,000
 564,39; 2553,500;63127,602;    0,000
 564,66; 2657,500;63167,301;    0,000
 564,93; 2486,000;63127,602;    0,000
 565,20; 2421,000;63167,301;    0,000
 565,48; 2457,000;63127,602;    0,000
 565,75; 3722,500;63167,301;    0,000
 566,02; 2415,500;63127,602;    0,000
 566,29; 2758,500;63167,301;    0,000
 566,57; 2544,500;63127,602;    0,000
 566,84; 2390,000;63167,301;    0,000
 567,11; 2594,500;63127,602;    0,000
 567,38; 2442,000;63167,301;    0,000
 567,65; 2464,000;63127,602;    0,000
 567,93; 2376,500;63167,301;    0,000
 568,20; 2361,000;63127,602;    0,000
 568,47; 2304,500;63167,301;    0,000
 568,74; 2413,000;63127,602;    0,000
 569,02; 2552,500;63167,301;    0,000
 569,29; 2594,000;63127,602;    0,000
 569,56; 2485,000;63167,301;    0,000
 569,83; 2279,500;63127,602;    0,000
 570,10; 2534,000;63167,301;    0,000
 570,38; 2351,000;63127,602;    0,000
 570,65; 2352,500;63167,301;    0,000
 570,92; 2218,500;63127,602;    0,000
 571,19; 2451,000;63167,301;    0,000
 571,46; 2205,000;63127,602;    0,000
 571,74; 2263,000;63167,301;    0,000
 572,01; 2743,000;63127,602;    0,000
 572,28; 2611,000;63167,301;    0,000
 572,55; 2373,500;63127,602;    0,000
 572,82; 2367,000;63167,301;    0,000
 573,09; 2405,500;63127,602;    0,000
 573,37; 2370,000;63167,301;    0,000
 573,64; 2408,500;63127,602;    0,000
 573,91; 2324,500;63167,301;    0,000
 574,18; 2278,500;63127,602;    0,000
 574,45; 2315,000;63167,301;    0,000
 574,72; 2182,000;63127,602;    0,000
 575,00; 2425,000;63167,301;    0,000
 575,27; 2218,000;63127,602;    0,000
 575,54; 2270,500;63167,301;    0,000
 575,81; 2368,500;63127,602;    0,000
 576,08; 2330,500;63167,301;    0,000
 576,35; 2325,500;63127,602;    0,000
 576,63; 2531,500;63167,301;    0,000
 576,90; 2236,000;63127,602;    0,000
 577,17; 2432,500;63167,301;    0,000
 577,44; 2242,000;63127,602;    0,000
 577,71; 2434,000;63167,301;    0,000
 577,98; 2288,500;63127,602;    0,000
 578,25; 2238,500;63167,301;    0,000
 578,52; 2086,000;63127,602;    0,000
 578,80; 2257,500;63167,301;    0,000
 579,07; 2261,000;63127,602;    0,000
 579,34; 2126,000;63167,301;    0,000
 579,61; 2201,000;63127,602;    0,000
 579,88; 2213,500;63167,301;    0,000
 580,15; 2139,000;63127,602;    0,000
 580,42; 2152,000;63167,301;    0,000
 580,69; 2113,000;63127,602;    0,000
 580,96; 2127,000;63167,301;    0,000
 581,23; 2143,500;63127,602;    0,000
 581,51; 2380,000;63167,301;    0,000
 581,78; 2270,000;63127,602;    0,000
 582,05; 2294,000;63167,301;    0,000
 582,32; 2318,500;63127,602;    0,000
 582,59; 2169,500;63167,301;    0,000
 582,86; 2213,000;63127,602;    0,000
 583,13; 2259,500;63167,301;    0,000
 583,40; 2278,000;63127,602;    0,000
 583,67; 2185,500;63167,301;    0,000
 583,94; 2061,500;63127,602;    0,000
 584,21; 2250,000;63167,301;    0,000
 584,48; 2101,500;63127,602;    0,000
 584,75; 2121,500;63167,301;    0,000
 585,03; 2166,000;63127,602;    0,000
 585,30; 2095,500;63167,301;    0,000
 585,57; 2052,000;63127,602;    0,000
 585,84; 2204,000;63167,301;    0,000
 586,11; 2095,500;63127,602;    0,000
 586,38; 2005,500;63167,301;    0,000
 586,65; 1973,000;63127,602;    0,000
 586,92; 2016,500;63167,301;    0,000
 587,19; 2211,000;63127,602;    0,000
 587,46; 2127,500;63167,301;    0,000
 587,73; 2016,500;63127,602;    0,000
 588,00; 2142,000;63167,301;    0,000
 588,27; 1993,000;63123,898;    0,000
 588,54; 2095,000;62757,000;    0,000
 588,81; 1966,500;62646,699;    0,000
 589,08; 1967,500;61756,301;    0,000
 589,35; 1906,000;60706,602;    0,000
 589,62; 2107,000;60385,898;    0,000
 589,89; 2029,500;59329,000;    0,000
 590,16; 2024,500;58022,699;    0,000
 590,43; 1941,500;57529,898;    0,000
 590,70; 2178,500;57330,301;    0,000
 590,97; 2009,500;55502,500;    0,000
 591,24; 1990,500;54541,398;    0,000
 591,51; 1804,000;53414,602;    0,000
 591,78; 1914,500;52291,801;    0,000
 592,05; 1837,500;51138,301;    0,000
 592,32; 2045,000;52011,301;    0,000
 592,59; 1983,500;49937,301;    0,000
 592,86; 1987,500;49275,000;    0,000
 593,13; 1723,000;47284,398;    0,000
 593,40; 1790,000;46529,398;    0,000
 593,67; 2015,500;46957,898;    0,000
 593,94; 1725,500;44459,500;    0,000
 594,21; 1863,000;45089,301;    0,000
 594,48; 1829,000;44295,699;    0,000
 594,75; 1841,000;42664,699;    0,000
 595,02; 1670,000;41676,102;    0,000
 595,29; 1859,500;41435,801;    0,000
 595,56; 1771,000;40149,000;    0,000
 595,83; 1647,500;39124,801;    0,000
 596,10; 1818,000;38819,500;    0,000
 596,37; 1600,000;37373,500;    0,000
 596,63; 2029,500;38644,301;    0,000
 596,90; 1904,500;36625,699;    0,000
 597,17; 1735,500;35810,898;    0,000
 597,44; 1636,000;35013,602;    0,000
 597,71; 1729,500;34583,301;    0,000
 597,98; 1728,500;33900,801;    0,000
 598,25; 1671,500;32601,100;    0,000
 598,52; 1772,500;32634,199;    0,000
 598,79; 1792,500;31850,900;    0,000
 599,06; 1667,500;30042,801;    0,000
 599,33; 1680,000;29655,900;    0,000
 599,60; 1661,500;29462,199;    0,000
 599,87; 1696,000;28816,699;    0,000
 600,13; 1622,500;28292,199;    0,000
 600,40; 1794,000;28527,199;    0,000
 600,67; 1663,000;27125,301;    0,000
 600,94; 1499,500;26166,400;    0,000
 601,21; 1522,000;25900,600;    0,000
 601,48; 1726,500;26134,699;    0,000
 601,75; 1719,000;25100,600;    0,000
 602,02; 1696,000;24694,100;    0,000
 602,29; 1565,500;23532,801;    0,000
 602,56; 1682,500;23479,301;    0,000
 602,82; 1383,000;22236,699;    0,000
 603,09; 1633,000;22145,801;    0,000
 603,36; 1552,000;21423,000;    0,000
 603,63; 1535,500;21260,000;    0,000
 603,90; 1482,500;19984,199;    0,000
 604,17; 1615,000;20095,100;    0,000
 604,44; 1556,500;19762,600;    0,000
 604,70; 1464,500;18981,699;    0,000
 604,97; 1601,500;18932,000;    0,000
 605,24; 1745,000;18677,900;    0,000
 605,51; 1546,500;18311,801;    0,000
 605,78; 1769,000;18562,301;    0,000
 606,05; 1389,000;16589,000;    0,000
 606,32; 1666,000;16978,400;    0,000
 606,58; 1538,500;16046,900;    0,000
 606,85; 2037,500;17064,801;    0,000
 607,12; 1496,500;15044,100;    0,000
 607,39; 1715,000;15889,400;    0,000
 607,66; 1495,000;15000,700;    0,000
 607,93; 1619,500;14625,900;    0,000
 608,19; 1666,500;14486,400;    0,000
 608,46; 1808,000;14527,300;    0,000
 608,73; 1565,500;13276,500;    0,000
 609,00; 1547,000;13381,400;    0,000
 609,27; 1714,000;13447,600;    0,000
 609,53; 1632,000;12830,500;    0,000
 609,80; 1573,000;12588,100;    0,000
 610,07; 1741,500;12418,500;    0,000
 610,34; 1490,500;11442,500;    0,000
 610,61; 1470,500;10761,700;    0,000
 610,88; 1423,000;10905,800;    0,000
 611,14; 1866,000;12050,300;    0,000
 611,41; 1533,500;10563,000;    0,000
 611,68; 1518,000;10329,500;    0,000
 611,95; 1668,500;10658,600;    0,000
 612,21; 1776,000;10494,400;    0,000
 612,48; 1640,000; 9806,100;    0,000
 612,75; 1664,000; 9908,800;    0,000
 613,02; 1802,000; 9677,000;    0,000
 613,29; 1383,000; 8462,100;    0,000
 613,55; 1563,000; 8708,400;    0,000
 613,82; 1617,500; 9413,800;    0,000
 614,09; 1509,000; 8267,700;    0,000
 614,36; 1642,500; 8924,400;    0,000
 614,62; 1559,500; 8302,100;    0,000
 614,89; 1846,000; 8423,400;    0,000
 615,16; 1689,500; 8004,000;    0,000
 615,43; 1430,000; 7240,000;    0,000
 615,69; 1463,500; 7084,400;    0,000
 615,96; 1513,000; 7020,300;    0,000
 616,23; 1464,000; 6564,700;    0,000
 616,50; 1406,000; 6879,800;    0,000
 616,76; 1459,000; 6440,800;    0,000
 617,03; 1527,000; 6116,400;    0,000
 617,30; 1334,500; 5726,400;    0,000
 617,57; 1438,500; 5878,900;    0,000
 617,83; 1456,000; 5707,400;    0,000
 618,10; 1547,000; 6388,800;    0,000
 618,37; 1279,500; 5423,300;    0,000
 618,63; 1501,000; 5643,000;    0,000
 618,90; 1342,500; 4728,900;    0,000
 619,17; 1523,500; 5577,200;    0,000
 619,44; 1602,500; 6092,700;    0,000
 619,70; 1465,000; 5775,200;    0,000
 619,97; 1252,500; 4122,700;    0,000
 620,24; 1420,000; 4276,800;    0,000
 620,50; 1467,500; 4511,200;    0,000
 620,77; 1431,500; 4553,500;    0,000
 621,04; 1506,500; 3902,100;    0,000
 621,30; 1559,000; 4366,300;    0,000
 621,57; 1346,000; 3960,900;    0,000
 621,84; 1518,000; 3931,100;    0,000
 622,11; 1405,500; 3530,400;    0,000
 622,37; 1575,000; 4384,200;    0,000
 622,64; 1528,500; 3697,600;    0,000
 622,91; 1499,500; 3401,300;    0,000
 623,17; 1520,000; 3497,900;    0,000
 623,44; 1596,000; 3649,300;    0,000
 623,71; 1320,500; 2682,100;    0,000
 623,97; 1416,000; 2807,200;    0,000
 624,24; 1404,500; 2650,700;    0,000
 624,51; 1455,500; 2624,400;    0,000
 624,77; 1427,000; 2867,200;    0,000
 625,04; 1510,500; 2618,700;    0,000
 625,30; 1352,000; 2312,600;    0,000
 625,57; 1756,000; 3687,900;    0,000
 625,84; 1732,500; 3669,800;    0,000
 626,10; 1626,000; 2755,900;    0,000
 626,37; 1643,000; 2982,500;    0,000
 626,64; 1583,500; 2315,800;    0,000
 626,90; 1524,000; 2315,000;    0,000
 627,17; 1402,000; 1813,900;    0,000
 627,44; 1402,000; 2269,100;    0,000
 627,70; 1775,000; 3282,200;    0,000
 627,97; 1553,000; 2355,400;    0,000
 628,23; 1451,500; 1814,100;    0,000
 628,50; 1546,000; 1362,200;    0,000
 628,77; 1656,500; 2059,300;    0,000
 629,03; 1523,500; 1846,000;    0,000
 629,30; 1787,000; 2142,100;    0,000
 629,56; 1544,500; 1449,300;    0,000
 629,83; 1508,500; 1588,900;    0,000
 630,10; 1520,000; 1784,500;    0,000
 630,36; 1569,500; 1500,900;    0,000
 630,63; 1798,500; 2858,900;    0,000
 630,89; 1606,500; 1273,800;    0,000
 631,16; 1496,000; 1363,900;    0,000
 631,43; 1688,500; 2752,300;    0,000
 631,69; 1481,500; 1310,400;    0,000
 631,96; 1526,500; 1826,100;    0,000
 632,22; 1583,500; 1400,300;    0,000
 632,49; 1387,500;  789,600;    0,000
 632,75; 1494,500; 1153,400;    0,000
 633,02; 1461,500; 1418,200;    0,000
 633,29; 1593,000; 1872,200;    0,000
 633,55; 1509,500; 1618,000;    0,000
 633,82; 1480,500; 1593,800;    0,000
 634,08; 1597,000; 1572,200;    0,000
 634,35; 1470,500; 1598,100;    0,000
 634,61; 1395,000;  366,500;    0,000
 634,88; 1413,500;  452,400;    0,000
 635,14; 1641,500; 1404,300;    0,000
 635,41; 1651,500; 1348,300;    0,000
 635,68; 1645,500; 1622,700;    0,000
 635,94; 1648,500; 1521,100;    0,000
 636,21; 1707,500; 1536,400;    0,000
 636,47; 1703,500; 1242,700;    0,000
 636,74; 1843,000; 1809,300;    0,000
 637,00; 1664,000;  916,100;    0,000
 637,27; 1680,500; 1011,000;    0,000
 637,53; 1592,500;  162,300;    0,000
 637,80; 1626,000;  577,000;    0,000
 638,06; 1840,500; 2100,700;    0,000
 638,33; 1682,500;  944,000;    0,000
 638,59; 1737,500;  611,600;    0,000
 638,86; 1712,500;  620,500;    0,000
 639,12; 1803,000;  790,700;    0,000
 639,39; 1867,500; 1356,200;    0,000
 639,65; 1902,500; 1306,700;    0,000
 639,92; 1785,500;  882,200;    0,000
 640,18; 1802,500;   24,200;    0,000
 640,45; 2281,000; 2494,900;    0,000
 640,71; 1916,000;  177,300;    0,000
 640,98; 1857,500;  663,800;    0,000
 641,24; 1841,000;  818,700;    0,000
 641,51; 2018,500;  449,500;    0,000
 641,77; 1936,500;  843,900;    0,000
 642,04; 2160,500; 1490,700;    0,000
 642,30; 1937,500;  361,700;    0,000
 642,57; 2085,000; 1033,000;    0,000
 642,83; 2104,000;  195,200;    0,000
 643,10; 2211,500;  452,900;    0,000
 643,36; 2048,000; -105,900;    0,000
 643,62; 2206,500; 1451,100;    0,000
 643,89; 2137,500;  281,400;    0,000
 644,15; 2524,500; 1563,700;    0,000
 644,42; 2139,000;  730,700;    0,000
 644,68; 2288,500;  777,800;    0,000
 644,95; 2449,000; 2010,400;    0,000
 645,21; 2458,500; 1203,000;    0,000
 645,48; 2375,500;  971,500;    0,000
 645,74; 2409,000;  182,500;    0,000
 646,00; 2414,500;  584,700;    0,000
 646,27; 2437,000;  490,600;    0,000
 646,53; 2277,000; -233,400;    0,000
 646,80; 2399,500; -234,200;    0,000
 647,06; 2527,500;  617,100;    0,000
 647,32; 2654,000; 1067,000;    0,000
 647,59; 2438,500;  -25,200;    0,000
 647,85; 2417,000; -225,400;    0,000
 648,12; 2644,500;  318,900;    0,000
 648,38; 2783,000; 1019,500;    0,000
 648,65; 2595,000;  630,600;    0,000
 648,91; 2822,500;  263,400;    0,000
 649,17; 2756,500;  227,800;    0,000
 649,44; 2728,000;   55,100;    0,000
 649,70; 2801,500;    1,400;    0,000
 649,96; 3085,000; 1414,000;    0,000
 650,23; 2752,000; -316,100;    0,000
 650,49; 2945,500;  148,600;    0,000
 650,76; 2893,000;  -36,800;    0,000
 651,02; 3107,000;  370,100;    0,000
 651,28; 3166,500;  277,000;    0,000
 651,55; 3158,500;  -44,500;    0,000
 651,81; 3251,500;  389,800;    0,000
 652,07; 3227,000;  923,500;    0,000
 652,34; 3235,500;  292,400;    0,000
 652,60; 3319,500;  -93,500;    0,000
 652,87; 3357,000;  809,400;    0,000
 653,13; 3150,500; -273,400;    0,000
 653,39; 3342,500;  105,100;    0,000
 653,66; 3314,000; -372,900;    0,000
 653,92; 3378,000;  -24,400;    0,000
 654,18; 3539,000;  -79,900;    0,000
 654,45; 3467,500;  325,100;    0,000
 654,71; 3284,500; -670,300;    0,000
 654,97; 3544,000; -495,800;    0,000
 655,24; 3709,500;   84,300;    0,000
 655,50; 3740,500; -164,900;    0,000
 655,76; 3825,000;   56,000;    0,000
 656,03; 3900,500;   98,300;    0,000
 656,29; 3724,500; -128,800;    0,000
 656,55; 3698,500; -520,900;    0,000
 656,81; 4027,500;  476,400;    0,000
 657,08; 3954,500;  487,500;    0,000
 657,34; 3977,000; -457,300;    0,000
 657,60; 3926,000; -272,800;    0,000
 657,87; 4245,000;  230,500;    0,000
 658,13; 4276,500;  394,400;    0,000
 658,39; 4146,500; -260,100;    0,000
 658,66; 4048,500; -514,000;    0,000
 658,92; 4309,500; -241,800;    0,000
 659,18; 4172,500; -439,900;    0,000
 659,44; 4671,500;  547,700;    0,000
 659,71; 4346,000; -453,100;    0,000
 659,97; 4601,000;  702,000;    0,000
 660,23; 4580,000; -207,900;    0,000
 660,50; 4643,000; -107,500;    0,000
 660,76; 4546,500; -327,200;    0,000
 661,02; 4548,500;  120,200;    0,000
 661,28; 4609,500;  255,100;    0,000
 661,55; 4814,500;  192,200;    0,000
 661,81; 4726,500; -734,700;    0,000
 662,07; 4960,500; -231,900;    0,000
 662,33; 4863,000; -462,800;    0,000
 662,60; 4883,500; -711,100;    0,000
 662,86; 5143,500;  607,200;    0,000
 663,12; 5234,000;  526,200;    0,000
 663,38; 5162,000; -208,300;    0,000
 663,65; 5371,000;  505,400;    0,000
 663,91; 5440,000;  470,000;    0,000
 664,17; 5240,000;   -6,500;    0,000
 664,43; 5311,000; -109,000;    0,000
 664,69; 5549,500; -642,400;    0,000
 664,96; 5633,500;  308,900;    0,000
 665,22; 5587,500; -163,300;    0,000
 665,48; 5543,000;  -62,400;    0,000
 665,74; 5954,000;  314,700;    0,000
 666,01; 5974,000;  586,100;    0,000
 666,27; 5851,500; -604,200;    0,000
 666,53; 6246,000;   27,300;    0,000
 666,79; 6000,000;  -96,700;    0,000
 667,05; 5852,000; -569,700;    0,000
 667,32; 6150,500; -424,200;    0,000
 667,58; 6215,500;  241,200;    0,000
 667,84; 6191,500;  -73,800;    0,000
 668,10; 6251,000; -523,500;    0,000
 668,36; 6541,500; 1288,600;    0,000
 668,63; 6258,500;  -92,400;    0,000
 668,89; 6398,500; -321,200;    0,000
 669,15; 6451,000; -703,900;    0,000
 669,41; 6848,000; 1249,600;    0,000
 669,67; 6532,500; -242,900;    0,000
 669,93; 7030,500;  433,200;    0,000
 670,20; 6758,500;  -31,500;    0,000
 670,46; 6776,000;  -56,000;    0,000
 670,72; 6983,000;  265,900;    0,000
 670,98; 7383,000;  916,500;    0,000
 671,24; 7232,000;  257,300;    0,000
 671,50; 7158,000;  816,800;    0,000
 671,76; 7239,000;  215,300;    0,000
 672,03; 7428,000;  767,800;    0,000
 672,29; 7228,500;  -57,700;    0,000
 672,55; 7236,500; -807,200;    0,000
 672,81; 7290,000; -316,400;    0,000
 673,07; 7559,000; -195,700;    0,000
 673,33; 7497,000; -264,200;    0,000
 673,59; 7712,000;  346,900;    0,000
 673,86; 7633,000; -303,000;    0,000
 674,12; 7564,500;  525,400;    0,000
 674,38; 7616,500;  -86,500;    0,000
 674,64; 7966,000;  602,100;    0,000
 674,90; 7659,000; -444,000;    0,000
 675,16; 8128,000;  319,400;    0,000
 675,42; 7977,500;  488,200;    0,000
 675,68; 8079,000;  308,100;    0,000
 675,94; 8044,000;  185,200;    0,000
 676,21; 8117,000; -502,900;    0,000
 676,47; 8384,000;  168,800;    0,000
 676,73; 8238,000; -733,400;    0,000
 676,99; 8550,500;  105,800;    0,000
 677,25; 8662,500;  787,300;    0,000
 677,51; 8541,500; -294,500;    0,000
 677,77; 8895,500;  284,500;    0,000
 678,03; 9050,000; 1015,600;    0,000
 678,29; 8699,000; -614,500;    0,000
 678,55; 8981,500;    7,500;    0,000
 678,81; 8880,000; -424,000;    0,000
 679,07; 9172,000;  512,100;    0,000
 679,33; 9305,500; -160,500;    0,000
 679,59; 9426,500;  589,800;    0,000
 679,86; 9530,000; -335,200;    0,000
 680,12; 9310,000; -919,100;    0,000
 680,38; 9757,500;  -81,900;    0,000
 680,64; 9571,000;  408,500;    0,000
 680,90;10041,000;  367,100;    0,000
 681,16; 9748,000; -230,000;    0,000
 681,42; 9862,500;   40,100;    0,000
 681,68; 9860,500;   38,300;    0,000
 681,94; 9828,000; -359,900;    0,000
 682,20;10050,500; -758,800;    0,000
 682,46; 9758,500; -710,400;    0,000
 682,72;10333,000; -471,600;    0,000
 682,98;10457,000; -429,300;    0,000
 683,24;10582,000;  297,200;    0,000
 683,50;10589,500;  245,100;    0,000
 683,76;10842,000;  -50,400;    0,000
 684,02;10860,000;  178,800;    0,000
 684,28;10909,500; -889,300;    0,000
 684,54;10873,500; -553,600;    0,000
 684,80;10920,500; -825,100;    0,000
 685,06;10984,500; -751,000;    0,000
 685,32;11364,000; -192,300;    0,000
 685,58;11109,500; -627,700;    0,000
 685,84;11303,000; -589,500;    0,000
 686,10;11595,500;  560,700;    0,000
 686,36;11616,500; -205,800;    0,000
 686,62;11778,500; -364,600;    0,000
 686,88;11770,000; -283,800;    0,000
 687,14;11983,000; -668,400;    0,000
 687,40;12251,000; -233,100;    0,000
 687,66;12110,500;  -85,500;    0,000
 687,92;12407,500; -397,800;    0,000
 688,18;12236,500; -171,300;    0,000
 688,44;12381,500;  -82,000;    0,000
 688,70;12583,000;  102,700;    0,000
 688,96;12859,000; -121,100;    0,000
 689,22;12752,000; -196,900;    0,000
 689,48;12976,500; -197,800;    0,000
 689,73;12851,500; -407,000;    0,000
 689,99;13009,500;  -88,900;    0,000
 690,25;13266,000; -167,600;    0,000
 690,51;13593,000;  119,600;    0,000
 690,77;13801,500; -456,900;    0,000
 691,03;14237,000;  -16,200;    0,000
 691,29;14291,500; -472,200;    0,000
 691,55;14545,000; -478,000;    0,000
 691,81;14638,000; -108,200;    0,000
 692,07;14602,500; -459,800;    0,000
 692,33;15384,000;  259,300;    0,000
 692,59;15267,000;  223,000;    0,000
 692,85;15743,000;  367,600;    0,000
 693,10;15641,000; -166,000;    0,000
 693,36;15756,000;  399,500;    0,000
 693,62;15937,000;  -52,300;    0,000
 693,88;16098,000;  175,000;    0,000
 694,14;16092,500; -148,000;    0,000
 694,40;16450,000;  -75,700;    0,000
 694,66;16741,000; -748,700;    0,000
 694,92;16674,000; -613,100;    0,000
 695,18;16554,000; -331,800;    0,000
 695,43;16853,000; -353,100;    0,000
 695,69;17071,000;  284,500;    0,000
 695,95;17160,000; -321,000;    0,000
 696,21;17208,000; -595,700;    0,000
 696,47;17488,500;  447,000;    0,000
 696,73;17505,500;  427,500;    0,000
 696,99;17743,000;  304,200;    0,000
 697,25;17961,000;  476,800;    0,000
 697,50;17793,500; -312,600;    0,000
 697,76;17748,500; -160,700;    0,000
 698,02;18115,500; -233,900;    0,000
 698,28;18427,500;  -45,700;    0,000
 698,54;18476,000;  324,600;    0,000
 698,80;18483,500; -179,000;    0,000
 699,05;18650,500; -525,300;    0,000
 699,31;18425,500; -295,400;    0,000
 699,57;18929,500; -419,200;    0,000
 699,83;18760,000; -322,000;    0,000
 700,09;18975,500;  799,400;    0,000
 700,35;19043,500; 1292,000;    0,000
 700,60;19419,000; -700,300;    0,000
 700,86;20089,500;  383,400;    0,000
 701,12;20080,500; -134,800;    0,000
 701,38;20172,500;  808,300;    0,000
 701,64;20731,500;  572,400;    0,000
 701,89;20847,500; -531,100;    0,000
 702,15;21350,000;  271,300;    0,000
 702,41;21393,000; -322,200;    0,000
 702,67;21567,500; -582,900;    0,000
 702,93;21319,000; -275,700;    0,000
 703,18;21630,500; -271,300;    0,000
 703,44;22302,000; 1031,600;    0,000
 703,70;21916,000; -115,300;    0,000
 703,96;22065,500; -168,400;    0,000
 704,22;22830,000; 1679,300;    0,000
 704,47;22283,500;  220,400;    0,000
 704,73;22729,500;  335,400;    0,000
 704,99;23020,000;  202,300;    0,000
 705,25;22660,500; -181,000;    0,000
 705,50;23548,000;  -64,200;    0,000
 705,76;23076,500;   59,400;    0,000
 706,02;23285,500; -280,900;    0,000
 706,28;23511,500;  729,900;    0,000
 706,53;23029,500; -404,500;    0,000
 706,79;23571,500; -355,400;    0,000
 707,05;23796,000;  600,100;    0,000
 707,31;23516,500; -237,800;    0,000
 707,56;23996,500; 1367,600;    0,000
 707,82;24014,000; -338,600;    0,000
 708,08;24018,000;  478,100;    0,000
 708,34;24050,500; -343,400;    0,000
 708,59;23593,500; -264,900;    0,000
 708,85;24562,000;  376,500;    0,000
 709,11;23984,000; -668,400;    0,000
 709,36;24440,500;  550,200;    0,000
 709,62;23898,500; -394,200;    0,000
 709,88;24049,500;  286,900;    0,000
 710,14;24617,000; -127,400;    0,000
 710,39;24384,500;  375,200;    0,000
 710,65;24031,500; -266,900;    0,000
 710,91;24193,500; -264,600;    0,000
 711,16;23874,000;  294,100;    0,000
 711,42;23738,000; -517,700;    0,000
 711,68;23770,500;   93,600;    0,000
 711,93;23755,000; -435,500;    0,000
 712,19;23956,500;  882,200;    0,000
 712,45;23404,500;  450,100;    0,000
 712,70;23224,000;   -1,500;    0,000
 712,96;23259,500;  377,900;    0,000
 713,22;22540,500; -387,700;    0,000
 713,47;22594,500; -414,700;    0,000
 713,73;22168,000; -831,400;    0,000
 713,99;21804,500; -726,400;    0,000
 714,24;22237,000; 1586,200;    0,000
 714,50;21948,500; -761,600;    0,000
 714,76;21822,000; -539,500;    0,000
 715,01;22015,500; -484,700;    0,000
 715,27;21839,000; -269,600;    0,000
 715,53;22102,000; -217,100;    0,000
 715,78;21569,000; -200,500;    0,000
 716,04;21364,500; -163,000;    0,000
 716,30;21657,500;  284,300;    0,000
 716,55;21538,000; -373,600;    0,000
 716,81;21630,000;   93,800;    0,000
 717,07;21079,000;  162,000;    0,000
 717,32;21214,500; -334,100;    0,000
 717,58;21345,500;  141,800;    0,000
 717,83;21439,000;  504,000;    0,000
 718,09;21472,500;  199,900;    0,000
 718,35;20809,500; -444,300;    0,000
 718,60;21141,500;  107,100;    0,000
 718,86;20993,500;  703,500;    0,000
 719,11;20578,000; -297,000;    0,000
 719,37;20543,000; -337,800;    0,000
 719,63;20474,500;  267,700;    0,000
 719,88;20092,000;  768,200;    0,000
 720,14;20094,000; -497,400;    0,000
 720,39;20105,000; -377,000;    0,000
 720,65;20088,000; -668,700;    0,000
 720,91;19892,000;   72,500;    0,000
 721,16;19940,500;  609,600;    0,000
 721,42;19573,000;  105,300;    0,000
 721,67;19720,000;  610,400;    0,000
 721,93;20013,000; -563,300;    0,000
 722,18;20008,500;  457,300;    0,000
 722,44;19436,000;  292,900;    0,000
 722,69;20015,000;  816,900;    0,000
 722,95;19651,000;    2,800;    0,000
 723,21;19729,000;  217,000;    0,000
 723,46;19785,500;  575,700;    0,000
 723,72;19680,500; -267,600;    0,000
 723,97;19551,500;   83,800;    0,000
 724,23;19573,000;  594,900;    0,000
 724,48;19964,500;  769,700;    0,000
 724,74;19884,000; -130,300;    0,000
 724,99;20242,000; -553,600;    0,000
 725,25;20085,500; -120,400;    0,000
 725,50;20240,500;   26,500;    0,000
 725,76;20552,500;  894,600;    0,000
 726,01;19962,000; -304,800;    0,000
 726,27;20236,500;  -70,700;    0,000
 726,52;20052,500; -375,800;    0,000
 726,78;20331,000; -108,200;    0,000
 727,04;20267,500; -211,900;    0,000
 727,29;20409,500; -127,100;    0,000
 727,55;20292,000; -227,600;    0,000
 727,80;20296,000;    2,000;    0,000
 728,05;20039,500; -720,800;    0,000
 728,31;19954,500; -114,800;    0,000
 728,56;20065,000; -892,800;    0,000
 728,82;20374,500; -390,300;    0,000
 729,07;19947,000;   32,700;    0,000
 729,33;19523,000; -261,000;    0,000
 729,58;19566,000; -510,700;    0,000
 729,84;19620,000;   35,800;    0,000
 730,09;19577,500;  632,400;    0,000
 730,35;19242,000;  -85,700;    0,000
 730,60;19070,500; -891,800;    0,000
 730,86;19429,500;  -45,500;    0,000
 731,11;19230,000; -872,100;    0,000
 731,37;19041,000; -323,400;    0,000
 731,62;18718,000; -303,500;    0,000
 731,88;18482,500; -471,600;    0,000
 732,13;18911,500;  142,700;    0,000
 732,38;20141,500;  591,600;    0,000
 732,64;20728,500;  357,500;    0,000
 732,89;21169,500; 1607,500;    0,000
 733,15;21811,500; -327,100;    0,000
 733,40;21832,000; -366,100;    0,000
 733,66;22511,500;  -92,600;    0,000
 733,91;22388,000;  293,600;    0,000
 734,16;22231,500; -550,100;    0,000
 734,42;22599,500;  -96,300;    0,000
 734,67;22994,000;   98,000;    0,000
 734,93;22921,500; -443,800;    0,000
 735,18;24888,000; -375,300;    0,000
 735,43;22985,500; -456,100;    0,000
 735,69;23377,000; -343,500;    0,000
 735,94;23343,500;  514,000;    0,000
 736,20;22947,000; -323,500;    0,000
 736,45;22840,500;   81,700;    0,000
 736,70;22967,500; -432,500;    0,000
 736,96;22733,000; -328,600;    0,000
 737,21;22672,000; -271,100;    0,000
 737,47;22047,000;  139,700;    0,000
 737,72;22259,000; -654,800;    0,000
 737,97;22399,000;  -24,100;    0,000
 738,23;22343,500; -242,600;    0,000
 738,48;22072,500;  363,600;    0,000
 738,73;21785,500; -938,400;    0,000
 738,99;22243,000;  311,000;    0,000
 739,24;21977,500; -154,800;    0,000
 739,49;21710,000; -370,300;    0,000
 739,75;21649,000; -106,300;    0,000
 740,00;21446,500;  -48,100;    0,000
 740,26;21477,500;  171,100;    0,000
 740,51;21488,500;  183,100;    0,000
 740,76;21047,000; -554,500;    0,000
 741,02;20725,000;  532,500;    0,000
 741,27;20708,000;  301,400;    0,000
 741,52;20730,000;  197,700;    0,000
 741,78;20369,000; -645,100;    0,000
 742,03;19959,000;   27,000;    0,000
 742,28;19711,500;  208,600;    0,000
 742,53;19077,500; -190,300;    0,000
 742,79;18885,000; -891,700;    0,000
 743,04;18274,000; -678,600;    0,000
 743,29;18351,500;  -89,700;    0,000
 743,55;17817,500; -197,200;    0,000
 743,80;17277,000; -613,800;    0,000
 744,05;17099,000;  587,200;    0,000
 744,31;17852,000; 1169,800;    0,000
 744,56;18300,000;  -80,400;    0,000
 744,81;18302,500; -163,300;    0,000
 745,06;18896,000;  322,900;    0,000
 745,32;19149,500;  449,800;    0,000
 745,57;19279,500; -831,700;    0,000
 745,82;20084,000; -118,900;    0,000
 746,08;21259,000;  -32,800;    0,000
 746,33;22000,000;  285,300;    0,000
 746,58;22658,000; -628,800;    0,000
 746,83;23671,000;   34,200;    0,000
 747,09;23729,500; -211,400;    0,000
 747,34;24501,500; -491,300;    0,000
 747,59;25238,500; -418,200;    0,000
 747,84;25503,000;    4,400;    0,000
 748,10;26507,000; -128,200;    0,000
 748,35;26114,500;  736,000;    0,000
 748,60;26738,000; -744,000;    0,000
 748,85;26751,500;  411,900;    0,000
 749,11;26804,000; -372,500;    0,000
 749,36;27106,500;  395,700;    0,000
 749,61;27246,000; -775,300;    0,000
 749,86;27336,000; -290,500;    0,000
 750,12;27311,500; -580,400;    0,000
 750,37;27507,000; -340,000;    0,000
 750,62;27962,500;  -53,300;    0,000
 750,87;27568,000;  100,900;    0,000
 751,12;27305,500; -121,600;    0,000
 751,38;27518,500;  791,500;    0,000
 751,63;27370,000; -439,600;    0,000
 751,88;27223,000; -283,500;    0,000
 752,13;26905,500; -475,700;    0,000
 752,38;27088,500;   -0,100;    0,000
 752,64;26845,000;  422,500;    0,000
 752,89;26360,000;  273,600;    0,000
 753,14;26420,000;  402,400;    0,000
 753,39;26281,000;  778,700;    0,000
 753,64;25272,000;  116,900;    0,000
 753,89;25323,500;  186,700;    0,000
 754,15;24789,500; -936,600;    0,000
 754,40;24102,000;  -89,400;    0,000
 754,65;23641,000; -654,700;    0,000
 754,90;23257,000;  463,800;    0,000
 755,15;22454,000; 1202,800;    0,000
 755,40;21864,500;  127,700;    0,000
 755,66;21075,500; -191,300;    0,000
 755,91;20245,500;  -16,600;    0,000
 756,16;19576,000;  852,000;    0,000
 756,41;18720,000; -317,600;    0,000
 756,66;17316,000; -541,000;    0,000
 756,91;16623,500; -237,700;    0,000
 757,16;16422,500; 1452,300;    0,000
 757,42;16427,000; -614,000;    0,000
 757,67;17525,500; -384,200;    0,000
 757,92;18016,000; -215,600;    0,000
 758,17;19167,500;  -41,600;    0,000
 758,42;19241,000; -303,600;    0,000
 758,67;19711,000; -131,700;    0,000
 758,92;20354,500; -278,500;    0,000
 759,17;20733,500;  314,900;    0,000
 759,43;21914,000; -795,400;    0,000
 759,68;22432,000;  -87,500;    0,000
 759,93;22972,500; -395,200;    0,000
 760,18;23052,000;  162,000;    0,000
 760,43;23833,000; -677,300;    0,000
 760,68;24098,500;  131,800;    0,000
 760,93;24515,000;  121,900;    0,000
 761,18;24882,000;  504,900;    0,000
 761,43;24913,000;   60,700;    0,000
 761,68;25619,000;  322,500;    0,000
 761,93;25312,000; -653,200;    0,000
 762,19;25340,000; -711,000;    0,000
 762,44;25583,000; -349,600;    0,000
 762,69;25738,000; -718,700;    0,000
 762,94;25605,500; -124,300;    0,000
 763,19;25854,500;  211,900;    0,000
 763,44;25795,000;  -11,200;    0,000
 763,69;25489,000; -201,200;    0,000
 763,94;25869,000;  729,100;    0,000
 764,19;25239,500;   55,500;    0,000
 764,44;25692,500; -335,600;    0,000
 764,69;25483,000;  323,100;    0,000
 764,94;24841,500; -104,600;    0,000
 765,19;24621,000; -695,200;    0,000
 765,44;24440,500;  -45,800;    0,000
 765,69;24536,500; -250,800;    0,000
 765,94;24346,500;  494,700;    0,000
 766,19;24416,500;  387,800;    0,000
 766,44;24609,500;  397,200;    0,000
 766,69;24749,500; -189,600;    0,000
 766,94;24652,000; -672,200;    0,000
 767,19;24954,500; -369,000;    0,000
 767,44;24582,500; -319,800;    0,000
 767,69;24025,500; -412,300;    0,000
 767,94;23811,500;  523,200;    0,000
 768,19;23346,500;   29,100;    0,000
 768,44;22753,000; -189,200;    0,000
 768,69;22186,000; -254,300;    0,000
 768,94;21557,500;  176,800;    0,000
 769,19;20459,000; -620,100;    0,000
 769,44;19805,000; -101,100;    0,000
 769,69;19034,000;  701,900;    0,000
 769,94;17948,000;  408,700;    0,000
 770,19;15969,500; -304,400;    0,000
 770,44;14617,500;   72,400;    0,000
 770,69;12673,000; -335,400;    0,000
 770,94;12244,000; -527,200;    0,000
 771,19;11633,500; -558,000;    0,000
 771,44;11864,000;  -23,200;    0,000
 771,69;11846,500; -424,800;    0,000
 771,94;11714,500; -821,700;    0,000
 772,19;11727,500; -582,700;    0,000
 772,44;11724,000; -694,100;    0,000
 772,69;11509,500; -379,600;    0,000
 772,94;11684,500; -105,500;    0,000
 773,18;11663,000;  147,300;    0,000
 773,43;11530,500; -203,300;    0,000
 773,68;11406,500;  225,100;    0,000
 773,93;11167,000;  237,200;    0,000
 774,18;11023,000;  164,700;    0,000
 774,43;11022,500; -498,200;    0,000
 774,68;10991,500; -386,500;    0,000
 774,93;10830,500; 1068,900;    0,000
 775,18;10594,000;  396,900;    0,000
 775,43;10767,500; -148,300;    0,000
 775,68;10425,000;  549,500;    0,000
 775,93;10169,000; -310,000;    0,000
 776,17; 9877,500; -570,100;    0,000
 776,42; 9637,000; -246,300;    0,000
 776,67; 9142,500; -140,800;    0,000
 776,92; 8968,500; -143,900;    0,000
 777,17; 8675,000;  283,600;    0,000
 777,42; 8114,500; -661,600;    0,000
 777,67; 7873,000; -512,500;    0,000
 777,92; 7762,000; -459,400;    0,000
 778,16; 7349,500; 1283,900;    0,000
 778,41; 6850,500; -645,300;    0,000
 778,66; 6604,500;  291,600;    0,000
 778,91; 6004,500; -427,000;    0,000
 779,16; 5418,500; -647,600;    0,000
 779,41; 4554,500; -604,600;    0,000
 779,66; 4097,000;  -78,200;    0,000
 779,90; 3849,500; -628,400;    0,000
 780,15; 3909,000;  164,700;    0,000
 780,40; 3656,000; -439,900;    0,000
 780,65; 3801,000; -350,100;    0,000
 780,90; 3745,500; -687,900;    0,000
 781,15; 3641,000;  -51,400;    0,000
 781,39; 3632,500; -132,600;    0,000
 781,64; 3416,500; -312,600;    0,000
 781,89; 3373,500; -787,900;    0,000
 782,14; 3443,000;   33,000;    0,000
 782,39; 3352,500; -348,500;    0,000
 782,63; 3404,500; -501,300;    0,000
 782,88; 3395,500;  169,100;    0,000
 783,13; 3477,000;   18,200;    0,000
 783,38; 3098,500; -739,700;    0,000
 783,63; 3137,500; -662,100;    0,000
 783,87; 3109,000;-1008,500;    0,000
 784,12; 3183,000; -196,400;    0,000
 784,37; 3082,500; -214,600;    0,000
 784,62; 3110,500; -447,700;    0,000
 784,87; 3159,500;  747,900;    0,000
 785,11; 2994,000; -182,600;    0,000
 785,36; 2978,500; -329,700;    0,000
 785,61; 2964,000; -486,900;    0,000
 785,86; 2902,500; -773,600;    0,000
 786,10; 3000,000;  439,700;    0,000
 786,35; 2877,000; -153,700;    0,000
 786,60; 2830,500; -796,300;    0,000
 786,85; 2762,000; -243,800;    0,000
 787,09; 2871,500;  334,300;    0,000
 787,34; 2705,000; -444,800;    0,000
 787,59; 2845,000;  102,800;    0,000
 787,84; 2671,500; -231,200;    0,000
 788,08; 2497,500; -514,200;    0,000
 788,33; 2659,000; -380,600;    0,000
 788,58; 3081,000; -670,700;    0,000
 788,83; 3503,500; -652,700;    0,000
 789,07; 3862,500; -108,800;    0,000
 789,32; 4562,500; 1855,400;    0,000
 789,57; 4571,000;  293,500;    0,000
 789,81; 4682,500; -495,000;    0,000
 790,06; 4980,000;   96,600;    0,000
 790,31; 5339,000; -550,200;    0,000
 790,56; 5369,000; -364,400;    0,000
 790,80; 5621,500; -145,300;    0,000
 791,05; 5759,000; -365,800;    0,000
 791,30; 5729,000; -810,700;    0,000
 791,54; 6026,000;    4,800;    0,000
 791,79; 6041,500; -155,900;    0,000
 792,04; 6114,500; -563,900;    0,000
 792,28; 6049,500; -462,600;    0,000
 792,53; 6175,000;  -51,000;    0,000
 792,78; 6409,000;  650,200;    0,000
 793,02; 6368,500; -143,000;    0,000
 793,27; 6407,500;   55,200;    0,000
 793,52; 6500,000; -136,000;    0,000
 793,76; 6481,500;    2,100;    0,000
 794,01; 6343,000;  139,900;    0,000
 794,26; 6459,500;  -84,200;    0,000
 794,50; 7083,000;  536,800;    0,000
 794,75; 6907,000;  -67,800;    0,000
 795,00; 7396,000; -153,000;    0,000
 795,24; 7553,500; -620,500;    0,000
 795,49; 8673,000; -322,000;    0,000
 795,74; 9299,500; -491,200;    0,000
 795,98; 9738,000;  536,800;    0,000
 796,23;10001,000; -429,000;    0,000
 796,48;10370,500; -282,800;    0,000
 796,72;10562,500; -691,600;    0,000
 796,97;10906,000;  217,100;    0,000
 797,21;11160,000; -121,200;    0,000
 797,46;11270,000; -415,600;    0,000
 797,71;11400,000;   28,500;    0,000
 797,95;11377,000; -279,100;    0,000
 798,20;11491,000;  204,400;    0,000
 798,44;11719,500; -373,200;    0,000
 798,69;11731,000;  180,300;    0,000
 798,94;11440,500; -331,000;    0,000
 799,18;11308,500; -557,800;    0,000
 799,43;11610,000;   36,300;    0,000
 799,67;11316,000;   76,900;    0,000
 799,92;11250,000;   66,300;    0,000
 800,16;11099,500; -191,000;    0,000
 800,41;10653,000;  216,800;    0,000
 800,66;10460,000; -807,200;    0,000
 800,90;10398,500;  -71,400;    0,000
 801,15;10076,000;  -21,300;    0,000
 801,39; 9698,000;  355,900;    0,000
 801,64; 9321,500; -301,100;    0,000
 801,88; 8761,500; -437,600;    0,000
 802,13; 8492,000; -191,300;    0,000
 802,38; 8438,500; -574,100;    0,000
 802,62; 8119,000; -496,900;    0,000
 802,87; 8163,000; -479,200;    0,000
 803,11; 8594,500; -404,700;    0,000
 803,36; 8709,500; -402,500;    0,000
 803,60; 8929,500; -324,500;    0,000
 803,85; 9256,000;  576,700;    0,000
 804,09; 9316,500; -237,100;    0,000
 804,34;10034,000; -368,200;    0,000
 804,58;10474,500; -446,900;    0,000
 804,83;11364,500; -316,400;    0,000
 805,07;11442,000; -713,600;    0,000
 805,32;12891,000;  292,300;    0,000
 805,56;14716,000;  350,800;    0,000
 805,81;16076,500; -294,700;    0,000
 806,05;17528,500; -508,000;    0,000
 806,30;18359,500;   50,400;    0,000
 806,54;18676,500; -437,800;    0,000
 806,79;19761,500;  285,900;    0,000
 807,03;20196,500; -493,600;    0,000
 807,28;20715,000; -184,500;    0,000
 807,52;20875,500; -241,500;    0,000
 807,77;20853,500;   93,200;    0,000
 808,01;21255,000; -616,400;    0,000
 808,26;21520,500; -182,900;    0,000
 808,50;21485,500;  666,100;    0,000
 808,75;21272,000;  -54,800;    0,000
 808,99;22074,000;  309,400;    0,000
 809,23;21973,000;  103,200;    0,000
 809,48;22020,500; -245,100;    0,000
 809,72;22532,000;  -56,900;    0,000
 809,97;22373,000; -307,900;    0,000
 810,21;22846,500; -316,500;    0,000
 810,46;22987,500; -177,700;    0,000
 810,70;23179,000;  331,600;    0,000
 810,95;23216,000; -216,500;    0,000
 811,19;23449,000;  789,300;    0,000
 811,43;23273,000;  880,200;    0,000
 811,68;23033,000;  -28,200;    0,000
 811,92;23119,500;  520,600;    0,000
 812,17;23155,500;  461,700;    0,000
 812,41;22698,500; -711,500;    0,000
 812,65;22565,000;  136,100;    0,000
 812,90;22417,500; 1074,900;    0,000
 813,14;22175,500;  567,200;    0,000
 813,39;21944,500;  657,200;    0,000
 813,63;21223,500; -845,800;    0,000
 813,87;21141,500;  167,600;    0,000
 814,12;20465,500;  129,400;    0,000
 814,36;20036,000;  148,400;    0,000
 814,61;19642,000; 1703,700;    0,000
 814,85;18786,000;  -68,400;    0,000
 815,09;18011,500;  636,700;    0,000
 815,34;16972,500; -660,400;    0,000
 815,58;16278,500; -263,800;    0,000
 815,82;15326,000; -141,700;    0,000
 816,07;13871,500; -543,700;    0,000
 816,31;13265,000; -233,100;    0,000
 816,56;11936,000; -139,200;    0,000
 816,80;11382,500; 1111,300;    0,000
 817,04; 9864,500; -362,500;    0,000
 817,29; 8486,000; -270,600;    0,000
 817,53; 7468,000;  -22,100;    0,000
 817,77; 6308,000;  -20,800;    0,000
 818,02; 5189,000; -400,900;    0,000
 818,26; 4115,500; -502,900;    0,000
 818,50; 2807,500;  856,900;    0,000
 818,75; 1569,000;  894,400;    0,000
 818,99;  910,500; -177,700;    0,000
 819,23;  759,500;  401,300;    0,000
 819,48;  637,500; -500,000;    0,000
 819,72;  535,000;-1002,300;    0,000
 819,96;  686,000; -281,500;    0,000
 820,20;  780,000; -623,500;    0,000
 820,45;  968,000; -579,500;    0,000
 820,69; 1280,000;   35,800;    0,000
 820,93; 1441,000; -218,200;    0,000
 821,18; 1545,000; -241,300;    0,000
 821,42; 1645,500; -354,300;    0,000
 821,66; 1753,000; -310,200;    0,000
 821,91; 1906,500;  -93,500;    0,000
 822,15; 1894,500; -370,500;    0,000
 822,39; 1924,000; -613,800;    0,000
 822,63; 2492,500; 1887,300;    0,000
 822,88; 2229,000;   35,200;    0,000
 823,12; 2298,000; -248,400;    0,000
 823,36; 2444,500;  218,500;    0,000
 823,60; 2357,000;  535,900;    0,000
 823,85; 2430,000;  -74,300;    0,000
 824,09; 2459,500;  -28,600;    0,000
 824,33; 2567,500; -340,000;    0,000
 824,57; 2405,500; -941,100;    0,000
 824,82; 2505,000;  -12,200;    0,000
 825,06; 2584,000; -168,100;    0,000
 825,30; 2553,000; -117,200;    0,000
 825,54; 2787,000;  458,000;    0,000
 825,79; 2639,500; -129,800;    0,000
 826,03; 2637,500;  483,200;    0,000
 826,27; 2538,500; -493,500;    0,000
 826,51; 2520,500; -396,500;    0,000
 826,75; 2717,000; -303,300;    0,000
 827,00; 2689,500;  476,500;    0,000
 827,24; 2675,000; -142,600;    0,000
 827,48; 2562,500;  273,100;    0,000
 827,72; 2627,500;   18,000;    0,000
 827,96; 2485,500; -412,100;    0,000
 828,21; 2629,000;  186,500;    0,000
 828,45; 2354,500;  190,500;    0,000
 828,69; 2616,500;  238,200;    0,000
 828,93; 2509,500;  138,200;    0,000
 829,17; 2236,500; -584,900;    0,000
 829,42; 2294,500; -677,600;    0,000
 829,66; 2279,000; -537,900;    0,000
 829,90; 2171,000; -433,500;    0,000
 830,14; 2272,000;  -36,800;    0,000
 830,38; 2121,000;   61,000;    0,000
 830,62; 2085,000;   99,900;    0,000
 830,87; 1896,500; -605,300;    0,000
 831,11; 1975,000;  528,900;    0,000
 831,35; 1553,000; -646,500;    0,000
 831,59; 1606,000; -220,100;    0,000
 831,83; 1456,500; -100,000;    0,000
 832,07; 1530,000;  534,500;    0,000
 832,31; 1218,500; -910,300;    0,000
 832,56; 1193,000; -247,300;    0,000
 832,80; 1074,000;    8,700;    0,000
 833,04;  952,500;   45,700;    0,000
 833,28;  614,000;  -39,200;    0,000
 833,52;  585,000;  586,200;    0,000
 833,76;  272,500; -354,600;    0,000
 834,00;  177,500; -761,300;    0,000
 834,24;  283,000;   50,400;    0,000
 834,48;  476,500;  104,400;    0,000
 834,73;  801,500;   97,300;    0,000
 834,97; 1120,000;  -71,700;    0,000
 835,21; 1576,000;  716,500;    0,000
 835,45; 1905,000;  461,400;    0,000
 835,69; 2058,500; -358,800;    0,000
 835,93; 2490,500; 1080,400;    0,000
 836,17; 2660,000; -253,600;    0,000
 836,41; 3387,500;   27,100;    0,000
 836,65; 3906,500;  378,700;    0,000
 836,89; 4635,000;  924,600;    0,000
 837,13; 4938,000;  -37,200;    0,000
 837,37; 5543,500;  137,400;    0,000
 837,61; 5930,000;  627,700;    0,000
 837,86; 6105,000;  349,700;    0,000
 838,10; 6485,500; 1005,300;    0,000
 838,34; 6930,500;  510,000;    0,000
 838,58; 6977,500; -309,000;    0,000
 838,82; 7224,500;   22,900;    0,000
 839,06; 7589,500;  863,400;    0,000
 839,30; 7538,000;  -69,500;    0,000
 839,54; 7629,500;  370,100;    0,000
 839,78; 7840,500; -131,800;    0,000
 840,02; 8273,500; 1369,500;    0,000
 840,26; 8004,500; -159,100;    0,000
 840,50; 8754,000; 2707,000;    0,000
 840,74; 8313,000;  710,100;    0,000
 840,98; 8404,000;   42,200;    0,000
 841,22; 8550,000;  472,500;    0,000
 841,46; 8512,500;  171,500;    0,000
 841,70; 8569,500;  552,700;    0,000
 841,94; 8399,500;  -43,800;    0,000
 842,18; 8403,500; -229,400;    0,000
 842,42; 8539,000;  428,600;    0,000
 842,66; 8257,500; -169,300;    0,000
 842,90; 8254,500; -175,600;    0,000
 843,14; 8401,500;  193,500;    0,000
 843,38; 8491,500;  244,200;    0,000
 843,62; 8411,000;  106,700;    0,000
 843,86; 8290,000;  448,600;    0,000
 844,10; 8061,500;  768,400;    0,000
 844,34; 7920,500;  200,100;    0,000
 844,58; 7738,000; -282,300;    0,000
 844,82; 7592,500;  352,900;    0,000
 845,06; 7625,500;  145,200;    0,000
 845,30; 7320,000;  795,300;    0,000
 845,54; 7099,500; -102,200;    0,000
 845,78; 6753,000; -123,100;    0,000
 846,01; 6528,000; -224,800;    0,000
 846,25; 6238,000;   81,600;    0,000
 846,49; 6381,500;   77,300;    0,000
 846,73; 6218,000;  366,700;    0,000
 846,97; 5757,000; -425,700;    0,000
 847,21; 5433,000;   12,400;    0,000
 847,45; 5231,500; -170,900;    0,000
 847,69; 4553,000; -277,200;    0,000
 847,93; 4106,500;  252,100;    0,000
 848,17; 4092,500; 1239,300;    0,000
 848,41; 3570,000; -154,500;    0,000
 848,65; 3193,500;  270,800;    0,000
 848,88; 3027,000; -150,100;    0,000
 849,12; 2660,000;   86,800;    0,000
 849,36; 2530,500;  731,400;    0,000
 849,60; 2122,000; 1181,100;    0,000
 849,84; 2052,500; 2110,500;    0,000
 850,08; 1724,500; 1044,800;    0,000
 850,32; 1655,500;   -8,100;    0,000
 850,56; 1646,500;  171,100;    0,000
 850,80; 1509,500; -235,100;    0,000
 851,03; 1544,000;  154,800;    0,000
 851,27; 1704,500;  376,900;    0,000
 851,51; 1553,000;  -40,300;    0,000
 851,75; 1643,000;    1,400;    0,000
 851,99; 1593,500;  -88,400;    0,000
 852,23; 1618,500;  259,700;    0,000
 852,47; 1646,000;  718,800;    0,000
 852,70; 1765,000;  999,600;    0,000
 852,94; 1601,500;  364,400;    0,000
 853,18; 1649,000;  422,500;    0,000
 853,42; 1648,500;  644,700;    0,000
 853,66; 1587,500;  192,700;    0,000
 853,90; 1642,500;  362,600;    0,000
 854,13; 1497,000; -194,400;    0,000
 854,37; 1785,500; 1807,000;    0,000
 854,61; 1579,500;   47,000;    0,000
 854,85; 1614,500;  743,100;    0,000
 855,09; 1540,000;  883,100;    0,000
 855,32; 1711,500; 1922,300;    0,000
 855,56; 1470,000;  416,000;    0,000
 855,80; 1519,500;  595,500;    0,000
 856,04; 1435,500;  551,100;    0,000
 856,28; 1337,000;  893,000;    0,000
 856,51; 1246,500;  386,000;    0,000
 856,75; 1247,000;  568,500;    0,000
 856,99; 1291,500; 1377,600;    0,000
 857,23; 1148,500;  928,600;    0,000
 857,47; 1010,000;  401,000;    0,000
 857,70; 1038,500;  750,500;    0,000
 857,94;  942,000;  702,200;    0,000
 858,18;  896,500;  718,800;    0,000
 858,42;  776,500;  933,700;    0,000
 858,65;  750,000; 1200,600;    0,000
 858,89;  702,500; 1077,700;    0,000
 859,13;  461,000;  845,800;    0,000
 859,37;  205,000;   64,100;    0,000
 859,60;  197,500;  515,800;    0,000
 859,84;  205,500;  270,400;    0,000
 860,08;  172,000; 1022,200;    0,000
 860,32;  139,000;  261,900;    0,000
 860,55;  143,500;  430,400;    0,000
 860,79;  294,000;  854,300;    0,000
 861,03;  313,000; 1123,300;    0,000
 861,27;  226,500;  463,800;    0,000
 861,50;  273,500;  333,700;    0,000
 861,74;  459,500; 1301,500;    0,000
 861,98;  403,000; 1223,100;    0,000
 862,21;  516,000; 1403,200;    0,000
 862,45;  423,500;  864,100;    0,000
 862,69;  426,500;  947,500;    0,000
 862,92;  318,500;  601,200;    0,000
 863,16;  526,000; 1324,400;    0,000
 863,40;  352,000;  498,100;    0,000
 863,64;  486,500; 1144,800;    0,000
 863,87;  427,500;  399,500;    0,000
 864,11;  514,500; 1137,700;    0,000
 864,35;  469,000;  952,800;    0,000
 864,58;  439,500;  875,900;    0,000
 864,82;  470,500;  605,200;    0,000
 865,06;  563,000; 1230,200;    0,000
 865,29;  584,500; 1233,800;    0,000
 865,53;  552,000; 1251,700;    0,000
 865,77;  703,500; 1662,100;    0,000
 866,00;  635,500; 1044,500;    0,000
 866,24;  746,500; 1522,900;    0,000
 866,47;  793,500; 1770,400;    0,000
 866,71;  679,000; 1182,900;    0,000
 866,95;  730,000; 1272,400;    0,000
 867,18;  679,000; 1026,800;    0,000
 867,42;  788,000; 1288,500;    0,000
 867,66;  765,500; 1106,300;    0,000
 867,89;  792,000; 1640,400;    0,000
 868,13;  947,000; 2140,300;    0,000
 868,36;  796,000; 1102,900;    0,000
 868,60;  736,000; 1112,900;    0,000
 868,84;  834,500; 1560,400;    0,000
 869,07;  762,000; 1326,800;    0,000
 869,31;  881,000; 1666,800;    0,000
 869,55;  811,000; 1492,100;    0,000
 869,78;  874,500; 1904,400;    0,000
 870,02;  801,500; 1472,800;    0,000
 870,25;  750,500; 1293,200;    0,000
 870,49;  940,500; 2377,000;    0,000
 870,72; 1052,000; 2335,500;    0,000
 870,96;  819,000; 1974,400;    0,000
 871,20;  789,500; 1942,500;    0,000
 871,43;  652,000; 1313,700;    0,000
 871,67;  924,500; 2341,900;    0,000
 871,90;  704,000; 1750,700;    0,000
 872,14;  851,000; 1796,500;    0,000
 872,37;  729,000; 1918,300;    0,000
 872,61;  788,500; 1885,200;    0,000
 872,85;  717,000; 2162,800;    0,000
 873,08;  757,500; 2048,200;    0,000
 873,32;  945,500; 3160,100;    0,000
 873,55;  936,000; 3460,400;    0,000
 873,79;  769,500; 2944,000;    0,000
 874,02;  894,000; 3490,100;    0,000
 874,26;  732,500; 2987,000;    0,000
 874,49;  917,500; 3450,900;    0,000
 874,73;  829,000; 3625,400;    0,000
 874,96; 1064,000; 4530,200;    0,000
 875,20;  850,000; 3755,700;    0,000
 875,43;  859,000; 3687,500;    0,000
 875,67;  895,500; 4587,500;    0,000
 875,90; 1070,000; 5206,500;    0,000
 876,14; 1160,000; 5730,500;    0,000
 876,37; 1011,500; 5307,900;    0,000
 876,61; 1006,500; 5427,700;    0,000
 876,84; 1035,000; 5722,500;    0,000
 877,08;  899,000; 5893,900;    0,000
 877,31; 1224,500; 7156,600;    0,000
 877,55; 1196,000; 7427,500;    0,000
 877,78; 1327,000; 8454,100;    0,000
 878,02; 1485,500; 9761,800;    0,000
 878,25; 1496,000; 9893,100;    0,000
 878,49; 1720,500;11550,000;    0,000
 878,72; 1830,500;12647,200;    0,000
 878,96; 2105,500;14653,700;    0,000

