Wave   ;Sample   ;Dark     ;Reference;Scope
 335,38;14892,000;   28,800;    0,000
 335,67;14971,000; -230,200;    0,000
 335,96;14935,000; -666,400;    0,000
 336,25;16046,000; -257,900;    0,000
 336,54;16903,000;  500,100;    0,000
 336,83;17134,000; -202,200;    0,000
 337,13;17662,000; -465,200;    0,000
 337,42;18693,000; -104,400;    0,000
 337,71;19221,000; -447,400;    0,000
 338,00;19809,000; -222,900;    0,000
 338,29;20211,000;  -49,600;    0,000
 338,58;21113,000;  573,100;    0,000
 338,87;22059,000; 1056,300;    0,000
 339,16;22510,000; -181,800;    0,000
 339,46;23461,000;  245,700;    0,000
 339,75;24415,000;  655,400;    0,000
 340,04;24975,000;   92,500;    0,000
 340,33;25741,000; -334,000;    0,000
 340,62;25909,000; -201,300;    0,000
 340,91;27286,000; -548,700;    0,000
 341,20;27342,000; -447,200;    0,000
 341,49;29243,000; -507,600;    0,000
 341,78;30281,000; 1118,900;    0,000
 342,07;30748,000;  -10,300;    0,000
 342,37;31555,000; -737,000;    0,000
 342,66;32457,000;  394,600;    0,000
 342,95;33852,000;   38,500;    0,000
 343,24;34396,000; -539,300;    0,000
 343,53;34966,000;  496,100;    0,000
 343,82;37479,000; -271,000;    0,000
 344,11;37889,000;  374,600;    0,000
 344,40;39768,000; -486,200;    0,000
 344,69;40522,000; -169,000;    0,000
 344,98;41041,000; -449,200;    0,000
 345,27;42470,000;  149,800;    0,000
 345,56;43628,000; -108,700;    0,000
 345,85;44800,000;  224,400;    0,000
 346,14;46389,000;  220,600;    0,000
 346,44;47787,000; -652,700;    0,000
 346,73;48677,000; 1197,400;    0,000
 347,02;49614,000;  215,700;    0,000
 347,31;50796,000;  389,500;    0,000
 347,60;52727,000;  -91,000;    0,000
 347,89;54223,000;  747,000;    0,000
 348,18;55657,000; -567,600;    0,000
 348,47;55933,000; -563,600;    0,000
 348,76;57720,000;   98,200;    0,000
 349,05;59469,000;  169,600;    0,000
 349,34;61574,000;    8,200;    0,000
 349,63;61850,000; -242,800;    0,000
 349,92;63039,000;  156,300;    0,000
 350,21;64334,000; -360,800;    0,000
 350,50;64333,000; -222,300;    0,000
 350,79;64334,000; -194,400;    0,000
 351,08;64333,000;  501,400;    0,000
 351,37;64334,000;  568,100;    0,000
 351,66;64333,000; -104,800;    0,000
 351,95;64334,000;  522,400;    0,000
 352,24;64333,000; -132,200;    0,000
 352,53;64334,000; -266,300;    0,000
 352,82;64333,000;  605,200;    0,000
 353,11;64334,000;  412,900;    0,000
 353,40;64333,000;   27,300;    0,000
 353,69;64334,000; -570,700;    0,000
 353,98;64333,000;  269,800;    0,000
 354,27;64334,000; -393,400;    0,000
 354,56;64333,000; -480,700;    0,000
 354,85;64334,000; -267,900;    0,000
 355,14;64333,000; -670,200;    0,000
 355,43;64334,000; -379,700;    0,000
 355,72;64333,000;  211,800;    0,000
 356,01;64334,000; -490,700;    0,000
 356,30;64333,000; -393,300;    0,000
 356,59;64334,000;   19,900;    0,000
 356,88;64333,000; -500,500;    0,000
 357,17;64334,000;  163,800;    0,000
 357,46;64333,000;  919,800;    0,000
 357,75;64334,000; -812,500;    0,000
 358,04;64333,000; 1075,000;    0,000
 358,33;64334,000; -665,100;    0,000
 358,62;64333,000; -482,900;    0,000
 358,91;64334,000; -186,800;    0,000
 359,20;64333,000;   74,000;    0,000
 359,49;64334,000;   -7,200;    0,000
 359,78;64333,000; -367,400;    0,000
 360,07;64334,000; -418,000;    0,000
 360,36;64333,000;  746,700;    0,000
 360,65;64334,000; -123,800;    0,000
 360,94;64333,000;  207,400;    0,000
 361,23;64334,000;   71,600;    0,000
 361,52;64333,000;  836,000;    0,000
 361,81;64334,000; -300,300;    0,000
 362,10;64333,000;  517,500;    0,000
 362,39;64334,000;  -91,800;    0,000
 362,68;64333,000; -219,200;    0,000
 362,97;64334,000;  -55,000;    0,000
 363,26;64333,000; -113,600;    0,000
 363,54;64334,000;  -50,000;    0,000
 363,83;64333,000;  -20,700;    0,000
 364,12;64334,000; -418,900;    0,000
 364,41;64333,000;  370,200;    0,000
 364,70;64334,000;  329,200;    0,000
 364,99;64333,000; -465,600;    0,000
 365,28;64334,000;  -87,100;    0,000
 365,57;64333,000;  102,700;    0,000
 365,86;64334,000; -726,200;    0,000
 366,15;64333,000; -384,200;    0,000
 366,44;64334,000; -195,100;    0,000
 366,73;64333,000;-1003,100;    0,000
 367,02;64334,000; -230,700;    0,000
 367,31;64333,000; -150,200;    0,000
 367,59;64334,000; -537,800;    0,000
 367,88;64333,000; -472,000;    0,000
 368,17;64334,000; -343,600;    0,000
 368,46;64333,000;  -65,500;    0,000
 368,75;64334,000; -117,300;    0,000
 369,04;64333,000; -652,900;    0,000
 369,33;64334,000; -188,600;    0,000
 369,62;64333,000;  111,000;    0,000
 369,91;64334,000;   70,700;    0,000
 370,20;64333,000; -320,300;    0,000
 370,48;64334,000;  336,200;    0,000
 370,77;64333,000;  142,200;    0,000
 371,06;64334,000; -634,200;    0,000
 371,35;64333,000;  364,500;    0,000
 371,64;64334,000; -600,800;    0,000
 371,93;64333,000;  585,900;    0,000
 372,22;64334,000;  235,900;    0,000
 372,51;64333,000; -474,900;    0,000
 372,79;64334,000; -530,300;    0,000
 373,08;64333,000;   58,500;    0,000
 373,37;64334,000; -221,600;    0,000
 373,66;64333,000; -374,100;    0,000
 373,95;64334,000; -491,800;    0,000
 374,24;64333,000; -344,300;    0,000
 374,53;64334,000; -279,900;    0,000
 374,81;64333,000; -251,300;    0,000
 375,10;64334,000;  257,600;    0,000
 375,39;64333,000; -126,300;    0,000
 375,68;64334,000; -444,400;    0,000
 375,97;64333,000; -569,100;    0,000
 376,26;64334,000; -959,900;    0,000
 376,55;64333,000; -252,900;    0,000
 376,83;64334,000; -714,700;    0,000
 377,12;64333,000; -325,700;    0,000
 377,41;64334,000; -902,800;    0,000
 377,70;64333,000; -417,900;    0,000
 377,99;64334,000;  431,700;    0,000
 378,28;64333,000;  161,700;    0,000
 378,56;64334,000; -177,500;    0,000
 378,85;64333,000; -521,100;    0,000
 379,14;64334,000; -833,500;    0,000
 379,43;64333,000; -448,400;    0,000
 379,72;64334,000; -940,200;    0,000
 380,01;64333,000; -208,400;    0,000
 380,29;64334,000;  283,800;    0,000
 380,58;64333,000;   28,500;    0,000
 380,87;64334,000;  185,900;    0,000
 381,16;64333,000; -310,900;    0,000
 381,45;64334,000; -414,600;    0,000
 381,73;64333,000; -723,200;    0,000
 382,02;64334,000;  502,400;    0,000
 382,31;64333,000; -173,100;    0,000
 382,60;64334,000;  -74,300;    0,000
 382,89;64333,000; -297,500;    0,000
 383,17;64334,000;  -45,700;    0,000
 383,46;64333,000; -269,800;    0,000
 383,75;64334,000;  596,600;    0,000
 384,04;64333,000;  363,600;    0,000
 384,33;64334,000; -826,300;    0,000
 384,61;64333,000; -180,100;    0,000
 384,90;64334,000; -545,300;    0,000
 385,19;64333,000; -345,000;    0,000
 385,48;64334,000;   88,300;    0,000
 385,76;64333,000; -354,900;    0,000
 386,05;64334,000; -630,400;    0,000
 386,34;64333,000;  463,700;    0,000
 386,63;64334,000;  -76,700;    0,000
 386,92;64333,000; -949,100;    0,000
 387,20;64334,000; -593,800;    0,000
 387,49;64333,000;  123,900;    0,000
 387,78;64334,000; -338,800;    0,000
 388,07;64333,000;  183,700;    0,000
 388,35;64334,000; -280,400;    0,000
 388,64;64333,000;  180,900;    0,000
 388,93;64334,000; -747,000;    0,000
 389,22;64333,000;  503,100;    0,000
 389,50;64334,000;  414,700;    0,000
 389,79;64333,000; -809,700;    0,000
 390,08;64334,000; -579,400;    0,000
 390,37;64297,000;  175,900;    0,000
 390,65;64002,000; -425,600;    0,000
 390,94;63048,000; -540,300;    0,000
 391,23;62652,000;  237,000;    0,000
 391,52;60444,000;  219,900;    0,000
 391,80;59640,000; -413,900;    0,000
 392,09;59637,000;   92,600;    0,000
 392,38;58200,000;  -61,500;    0,000
 392,66;58108,000; -378,800;    0,000
 392,95;56280,000;   75,900;    0,000
 393,24;55958,000;  358,100;    0,000
 393,53;53204,000;    5,000;    0,000
 393,81;53418,000; -103,000;    0,000
 394,10;52800,000; -390,200;    0,000
 394,39;52196,000; -402,900;    0,000
 394,67;49827,000; -430,000;    0,000
 394,96;50330,000; -832,100;    0,000
 395,25;49167,000;  131,400;    0,000
 395,54;47786,000;  450,100;    0,000
 395,82;47326,000; -510,900;    0,000
 396,11;46640,000;  616,100;    0,000
 396,40;45355,000;   -6,200;    0,000
 396,68;44274,000;   53,600;    0,000
 396,97;43677,000;   33,200;    0,000
 397,26;43195,000;  216,900;    0,000
 397,54;41252,000; -702,200;    0,000
 397,83;40684,000; -936,100;    0,000
 398,12;40319,000;   76,900;    0,000
 398,40;41051,000; -463,400;    0,000
 398,69;52507,000; -543,100;    0,000
 398,98;59230,000; -475,900;    0,000
 399,26;62556,000; -281,000;    0,000
 399,55;64333,000; -849,000;    0,000
 399,84;64334,000; -867,300;    0,000
 400,12;64333,000; -333,900;    0,000
 400,41;64334,000;   57,400;    0,000
 400,70;64333,000; -581,900;    0,000
 400,98;64334,000;  -18,900;    0,000
 401,27;64333,000; -854,500;    0,000
 401,56;64334,000; -242,200;    0,000
 401,84;64333,000;  -76,300;    0,000
 402,13;64334,000; -237,500;    0,000
 402,42;64333,000; -354,900;    0,000
 402,70;64334,000; -179,200;    0,000
 402,99;64333,000; -148,100;    0,000
 403,28;64334,000; -781,400;    0,000
 403,56;64333,000; -527,900;    0,000
 403,85;64334,000;  521,500;    0,000
 404,14;64333,000; -736,100;    0,000
 404,42;64334,000; -793,700;    0,000
 404,71;63609,000; -264,400;    0,000
 404,99;63224,000;-1016,300;    0,000
 405,28;62993,000; -408,200;    0,000
 405,57;62646,000; -650,300;    0,000
 405,85;61883,000; -486,500;    0,000
 406,14;61014,000; -414,700;    0,000
 406,43;60370,000; -260,700;    0,000
 406,71;60190,000; -365,900;    0,000
 407,00;59861,000; 1716,800;    0,000
 407,28;58529,000; -667,300;    0,000
 407,57;58357,000; -514,500;    0,000
 407,86;57641,000; -185,000;    0,000
 408,14;56649,000;  224,200;    0,000
 408,43;54964,000; -306,500;    0,000
 408,71;53505,000; -154,500;    0,000
 409,00;53022,000;  101,000;    0,000
 409,29;50761,000;  126,600;    0,000
 409,57;49672,000; -423,400;    0,000
 409,86;47252,000; -397,700;    0,000
 410,14;45276,000; -541,700;    0,000
 410,43;42481,000; -321,700;    0,000
 410,72;40166,000;   73,900;    0,000
 411,00;36544,000;  571,500;    0,000
 411,29;32908,000;  378,100;    0,000
 411,57;24184,000; -493,900;    0,000
 411,86;13578,000; -602,400;    0,000
 412,15;12657,000; -633,800;    0,000
 412,43;12386,000; -780,600;    0,000
 412,72;11954,000; -130,000;    0,000
 413,00;11812,000; -317,300;    0,000
 413,29;10697,000; -698,900;    0,000
 413,57;11224,000; -492,500;    0,000
 413,86;10045,000; -394,400;    0,000
 414,15;10021,000; -461,900;    0,000
 414,43; 9056,000; -356,300;    0,000
 414,72; 8440,000; -369,500;    0,000
 415,00; 7332,000; -733,700;    0,000
 415,29; 7446,000;  -81,300;    0,000
 415,57; 7367,000; -173,500;    0,000
 415,86; 7132,000; -570,000;    0,000
 416,14; 6716,000; -860,100;    0,000
 416,43; 6924,000;   56,000;    0,000
 416,71; 6531,000; -142,300;    0,000
 417,00; 6641,000; -658,900;    0,000
 417,29; 6166,000; -985,800;    0,000
 417,57; 6252,000; -271,300;    0,000
 417,86; 5832,000;  -41,200;    0,000
 418,14; 6181,000; -535,400;    0,000
 418,43; 5775,000; -531,700;    0,000
 418,71; 5897,000;  530,600;    0,000
 419,00; 5790,000; -645,000;    0,000
 419,28; 5652,000; -879,400;    0,000
 419,57; 5473,000; -443,900;    0,000
 419,85; 5501,000;  154,400;    0,000
 420,14; 5475,000;  503,700;    0,000
 420,42; 5281,000; -732,900;    0,000
 420,71; 5418,000;  258,000;    0,000
 420,99; 5160,000; -256,600;    0,000
 421,28; 5421,000;  306,200;    0,000
 421,56; 5161,000; -571,300;    0,000
 421,85; 4925,000; -605,000;    0,000
 422,13; 5407,000; 1167,200;    0,000
 422,42; 4980,000; -336,800;    0,000
 422,70; 5010,000; -800,600;    0,000
 422,99; 4725,000; -623,900;    0,000
 423,27; 4798,000; -414,100;    0,000
 423,56; 4840,000; -317,200;    0,000
 423,84; 5014,000; -621,500;    0,000
 424,13; 4781,000; -687,500;    0,000
 424,41; 4744,000; -307,900;    0,000
 424,70; 4793,000; -386,200;    0,000
 424,98; 4814,000; -506,300;    0,000
 425,27; 5099,000;  269,600;    0,000
 425,55; 4758,000;-1062,000;    0,000
 425,84; 4956,000;  126,100;    0,000
 426,12; 4688,000; -813,100;    0,000
 426,40; 4613,000; -953,300;    0,000
 426,69; 4661,000;  -97,900;    0,000
 426,97; 5051,000;  594,200;    0,000
 427,26; 5050,000; -535,000;    0,000
 427,54; 4796,000; -799,700;    0,000
 427,83; 4828,000; -538,600;    0,000
 428,11; 5151,000; -418,800;    0,000
 428,40; 4955,000; -748,900;    0,000
 428,68; 5049,000; -224,900;    0,000
 428,97; 5478,000;  973,700;    0,000
 429,25; 5386,000;  -20,300;    0,000
 429,53; 5305,000; -324,800;    0,000
 429,82; 8020,000;  -75,000;    0,000
 430,10;11366,000; -680,700;    0,000
 430,39;13077,000; -306,000;    0,000
 430,67;13747,000;   39,200;    0,000
 430,96;14537,000; -746,300;    0,000
 431,24;15622,000;  435,500;    0,000
 431,52;16141,000;  460,700;    0,000
 431,81;16962,000;   87,100;    0,000
 432,09;17096,000; -343,200;    0,000
 432,38;17378,000; -110,400;    0,000
 432,66;17257,000; -363,900;    0,000
 432,95;17390,000; -106,500;    0,000
 433,23;18145,000; -219,700;    0,000
 433,51;17566,000; -916,400;    0,000
 433,80;17549,000; -220,600;    0,000
 434,08;18346,000;  113,300;    0,000
 434,37;18343,000; -173,800;    0,000
 434,65;18112,000; -536,900;    0,000
 434,93;18299,000;  273,500;    0,000
 435,22;17928,000; -957,000;    0,000
 435,50;18257,000; -183,600;    0,000
 435,78;18337,000; -688,600;    0,000
 436,07;18228,000; -669,300;    0,000
 436,35;18255,000;  135,100;    0,000
 436,64;18048,000; -321,000;    0,000
 436,92;18392,000; -315,500;    0,000
 437,20;18361,000; -191,200;    0,000
 437,49;18414,000; -414,600;    0,000
 437,77;18342,000; -344,500;    0,000
 438,06;18654,000;  107,100;    0,000
 438,34;18492,000; -956,300;    0,000
 438,62;18806,000; -340,000;    0,000
 438,91;18273,000; -567,800;    0,000
 439,19;18197,000; -298,800;    0,000
 439,47;18293,000; -642,300;    0,000
 439,76;17802,000;  -19,200;    0,000
 440,04;17825,000; -570,700;    0,000
 440,32;18106,000; -330,500;    0,000
 440,61;17055,000; -793,000;    0,000
 440,89;17320,000;   82,800;    0,000
 441,17;16779,000;  270,000;    0,000
 441,46;15690,000; -377,300;    0,000
 441,74;15951,000; -762,700;    0,000
 442,02;14899,000; -569,000;    0,000
 442,31;14150,000;  453,100;    0,000
 442,59;13099,000; -261,800;    0,000
 442,87;10481,000; -610,200;    0,000
 443,16; 8371,000; -811,300;    0,000
 443,44; 8786,000; -117,500;    0,000
 443,72; 8805,000; -304,500;    0,000
 444,01; 9064,000; -384,000;    0,000
 444,29; 9050,000; -556,600;    0,000
 444,57; 9408,000; -155,500;    0,000
 444,86; 9535,000;  416,800;    0,000
 445,14; 9377,000;  -99,500;    0,000
 445,42; 9786,000;   -2,400;    0,000
 445,71; 9817,000; -358,700;    0,000
 445,99; 9818,000; -404,100;    0,000
 446,27; 9944,000; -755,500;    0,000
 446,56;10430,000; -615,300;    0,000
 446,84;10303,000; -754,600;    0,000
 447,12;10332,000; -974,400;    0,000
 447,40;10543,000; -732,700;    0,000
 447,69;10844,000; -196,400;    0,000
 447,97;10949,000;   -5,500;    0,000
 448,25;11453,000;  344,500;    0,000
 448,54;11158,000; -880,800;    0,000
 448,82;11369,000; -888,800;    0,000
 449,10;11498,000; -513,200;    0,000
 449,38;11974,000; -556,500;    0,000
 449,67;11753,000; -264,100;    0,000
 449,95;11853,000;  496,000;    0,000
 450,23;12291,000; -670,700;    0,000
 450,52;12703,000;  488,800;    0,000
 450,80;11865,000; -777,600;    0,000
 451,08;12332,000; -733,900;    0,000
 451,36;12881,000;  272,900;    0,000
 451,65;12869,000; -310,200;    0,000
 451,93;13326,000; -358,100;    0,000
 452,21;13218,000; 1023,300;    0,000
 452,49;13548,000; -730,300;    0,000
 452,78;13302,000; -245,500;    0,000
 453,06;13875,000; -519,900;    0,000
 453,34;13899,000; -755,800;    0,000
 453,62;14263,000; -336,600;    0,000
 453,91;14222,000; -604,700;    0,000
 454,19;14699,000; 1589,500;    0,000
 454,47;15063,000;  628,100;    0,000
 454,75;14584,000; -688,600;    0,000
 455,04;14813,000;   -8,600;    0,000
 455,32;15603,000; -253,300;    0,000
 455,60;15431,000; -229,400;    0,000
 455,88;15508,000;  124,500;    0,000
 456,16;15764,000;  687,500;    0,000
 456,45;16063,000; -359,400;    0,000
 456,73;16019,000; -530,800;    0,000
 457,01;16264,000; -823,800;    0,000
 457,29;16562,000;  255,700;    0,000
 457,58;16594,000; -619,100;    0,000
 457,86;16677,000; -974,700;    0,000
 458,14;17592,000; -787,200;    0,000
 458,42;17158,000; -804,700;    0,000
 458,70;17945,000;  195,100;    0,000
 458,99;17791,000; -712,700;    0,000
 459,27;17811,000; -948,000;    0,000
 459,55;17588,000; -675,800;    0,000
 459,83;18443,000;  860,500;    0,000
 460,11;18932,000;  814,100;    0,000
 460,40;18656,000; -957,300;    0,000
 460,68;18989,000; -804,200;    0,000
 460,96;19644,000;  899,500;    0,000
 461,24;19455,000; -226,400;    0,000
 461,52;19548,000;  242,400;    0,000
 461,80;19380,000; -603,500;    0,000
 462,09;19513,000; -654,300;    0,000
 462,37;20074,000; -385,900;    0,000
 462,65;20264,000; -719,600;    0,000
 462,93;19976,000;   12,800;    0,000
 463,21;19974,000; -532,100;    0,000
 463,49;21200,000;   39,800;    0,000
 463,78;21097,000;  146,100;    0,000
 464,06;20942,000; -254,600;    0,000
 464,34;20888,000; -562,100;    0,000
 464,62;21543,000; -250,900;    0,000
 464,90;21272,000;  590,200;    0,000
 465,18;21856,000; -721,600;    0,000
 465,47;21363,000; -382,500;    0,000
 465,75;21460,000; -285,000;    0,000
 466,03;22548,000;   52,200;    0,000
 466,31;22090,000;  170,800;    0,000
 466,59;22374,000;  -53,700;    0,000
 466,87;22671,000;  128,200;    0,000
 467,15;22862,000; -654,800;    0,000
 467,43;22268,000; -414,400;    0,000
 467,72;22985,000; -398,200;    0,000
 468,00;23235,000; -453,700;    0,000
 468,28;23374,000; -844,500;    0,000
 468,56;23221,000; -138,600;    0,000
 468,84;23402,000; -542,100;    0,000
 469,12;23428,000;-1021,800;    0,000
 469,40;23690,000; -561,000;    0,000
 469,68;24071,000; -433,900;    0,000
 469,97;23439,000;  -98,900;    0,000
 470,25;23751,000; -934,200;    0,000
 470,53;24250,000;   82,500;    0,000
 470,81;24027,000;  683,900;    0,000
 471,09;23944,000;  -86,800;    0,000
 471,37;24011,000;  -19,400;    0,000
 471,65;24376,000; -552,000;    0,000
 471,93;24007,000; -499,700;    0,000
 472,21;24278,000; -426,400;    0,000
 472,49;24580,000; -221,400;    0,000
 472,77;23692,000;  -70,500;    0,000
 473,06;23780,000; -900,300;    0,000
 473,34;24270,000; -429,000;    0,000
 473,62;24097,000;  218,200;    0,000
 473,90;23698,000;  428,800;    0,000
 474,18;24390,000; -246,200;    0,000
 474,46;24172,000;   26,700;    0,000
 474,74;24697,000; -170,300;    0,000
 475,02;24357,000;  763,000;    0,000
 475,30;24789,000; 1321,200;    0,000
 475,58;24347,000; -985,600;    0,000
 475,86;24390,000; -463,300;    0,000
 476,14;24073,000; -788,100;    0,000
 476,42;24002,000; -143,500;    0,000
 476,70;24029,000;  397,200;    0,000
 476,98;23801,000;  508,700;    0,000
 477,27;23867,000;   55,000;    0,000
 477,55;23534,000; -639,400;    0,000
 477,83;24263,000; -340,300;    0,000
 478,11;23244,000; -817,400;    0,000
 478,39;23133,000;  290,400;    0,000
 478,67;23759,000;  845,900;    0,000
 478,95;23451,000;  357,200;    0,000
 479,23;23153,000; -487,200;    0,000
 479,51;22912,000; -310,600;    0,000
 479,79;23222,000;  366,800;    0,000
 480,07;22552,000; -721,700;    0,000
 480,35;22099,000; -297,100;    0,000
 480,63;22833,000; -509,700;    0,000
 480,91;22604,000; -405,200;    0,000
 481,19;22769,000;   80,000;    0,000
 481,47;22286,000; -639,800;    0,000
 481,75;23146,000; 3113,900;    0,000
 482,03;21426,000; -706,000;    0,000
 482,31;21744,000; -341,300;    0,000
 482,59;21464,000; -289,200;    0,000
 482,87;21233,000;  105,100;    0,000
 483,15;21033,000; -548,500;    0,000
 483,43;21567,000; -187,900;    0,000
 483,71;20758,000; -709,300;    0,000
 483,99;20926,000;  699,800;    0,000
 484,27;20458,000;  352,900;    0,000
 484,55;20057,000; -594,400;    0,000
 484,83;20185,000; -431,700;    0,000
 485,11;20121,000;  -90,600;    0,000
 485,39;19809,000; -572,900;    0,000
 485,67;19611,000;  603,500;    0,000
 485,95;19876,000;  202,900;    0,000
 486,23;19021,000;  480,300;    0,000
 486,51;18804,000; -948,400;    0,000
 486,79;19117,000;  -48,900;    0,000
 487,07;18519,000;  783,000;    0,000
 487,35;17682,000;-1137,100;    0,000
 487,63;18142,000;  693,800;    0,000
 487,91;17772,000;  190,300;    0,000
 488,18;17394,000; -474,500;    0,000
 488,46;17724,000; -180,900;    0,000
 488,74;17481,000; -737,600;    0,000
 489,02;17093,000; -894,700;    0,000
 489,30;16970,000;  856,900;    0,000
 489,58;16529,000; -264,700;    0,000
 489,86;16626,000; -497,500;    0,000
 490,14;16331,000; -606,500;    0,000
 490,42;15744,000; -722,500;    0,000
 490,70;15977,000;   22,300;    0,000
 490,98;15352,000; -414,000;    0,000
 491,26;15061,000; -617,700;    0,000
 491,54;15085,000; -100,800;    0,000
 491,82;14862,000;  316,200;    0,000
 492,10;14684,000; -154,800;    0,000
 492,37;14068,000;  408,800;    0,000
 492,65;13970,000; -514,200;    0,000
 492,93;13931,000; -792,600;    0,000
 493,21;13927,000; -297,000;    0,000
 493,49;13504,000;  -60,900;    0,000
 493,77;13250,000; -759,000;    0,000
 494,05;13231,000; -627,900;    0,000
 494,33;12947,000; -462,100;    0,000
 494,61;12924,000; -387,300;    0,000
 494,89;12502,000;  106,000;    0,000
 495,16;12613,000; -164,400;    0,000
 495,44;11933,000; -454,500;    0,000
 495,72;11904,000;  761,700;    0,000
 496,00;11810,000; -706,500;    0,000
 496,28;11507,000; -419,200;    0,000
 496,56;11416,000; -736,100;    0,000
 496,84;11157,000; -623,800;    0,000
 497,12;11186,000; -787,600;    0,000
 497,40;10823,000;  459,600;    0,000
 497,67;10777,000;  339,000;    0,000
 497,95;10108,000; -697,600;    0,000
 498,23;10252,000;  811,600;    0,000
 498,51;10089,000; -508,000;    0,000
 498,79; 9927,000; -456,500;    0,000
 499,07; 9949,000;  388,400;    0,000
 499,35; 9856,000;  444,700;    0,000
 499,62; 9704,000; -161,900;    0,000
 499,90; 9408,000;  117,500;    0,000
 500,18; 9304,000;  216,300;    0,000
 500,46; 8692,000; -736,500;    0,000
 500,74; 8596,000;  -74,100;    0,000
 501,02; 8768,000; -429,000;    0,000
 501,30; 8298,000; -139,300;    0,000
 501,57; 8498,000;  516,300;    0,000
 501,85; 8228,000;  134,100;    0,000
 502,13; 8238,000;   70,600;    0,000
 502,41; 7874,000; -400,100;    0,000
 502,69; 7755,000; -261,300;    0,000
 502,96; 7909,000; 1538,900;    0,000
 503,24; 7932,000;  365,900;    0,000
 503,52; 7113,000; -119,500;    0,000
 503,80; 6973,000; -210,100;    0,000
 504,08; 7180,000; -547,600;    0,000
 504,36; 6790,000; -507,300;    0,000
 504,63; 7056,000;  456,800;    0,000
 504,91; 7040,000;  239,800;    0,000
 505,19; 6931,000;  531,600;    0,000
 505,47; 6580,000;  282,800;    0,000
 505,75; 6043,000;  199,600;    0,000
 506,02; 6280,000;    1,600;    0,000
 506,30; 6366,000;  615,200;    0,000
 506,58; 5987,000;   28,100;    0,000
 506,86; 5922,000; 1053,000;    0,000
 507,14; 6395,000;  938,800;    0,000
 507,41; 6028,000; -212,600;    0,000
 507,69; 5405,000;  233,500;    0,000
 507,97; 5870,000;  860,500;    0,000
 508,25; 5343,000;  273,400;    0,000
 508,52; 5198,000;  148,400;    0,000
 508,80; 5228,000;  687,100;    0,000
 509,08; 5613,000; 1550,700;    0,000
 509,36; 5345,000;  756,300;    0,000
 509,64; 5242,000;  180,000;    0,000
 509,91; 5029,000;  456,500;    0,000
 510,19; 5014,000;  703,900;    0,000
 510,47; 4838,000;  513,500;    0,000
 510,75; 4857,000; 1156,300;    0,000
 511,02; 4863,000; 1283,900;    0,000
 511,30; 4839,000; 2376,100;    0,000
 511,58; 4511,000; 1374,500;    0,000
 511,86; 4553,000; 1559,800;    0,000
 512,13; 4422,000; 1843,100;    0,000
 512,41; 4676,000; 2656,200;    0,000
 512,69; 4533,000; 2448,600;    0,000
 512,97; 4428,000; 2264,000;    0,000
 513,24; 4090,000; 2091,700;    0,000
 513,52; 4263,000; 1793,100;    0,000
 513,80; 4424,000; 2991,800;    0,000
 514,07; 4293,000; 2713,700;    0,000
 514,35; 3868,000; 2679,500;    0,000
 514,63; 4107,000; 2343,900;    0,000
 514,91; 4153,000; 2674,500;    0,000
 515,18; 3738,000; 2714,900;    0,000
 515,46; 4040,000; 3847,400;    0,000
 515,74; 3804,000; 3272,900;    0,000
 516,01; 4233,000; 4409,300;    0,000
 516,29; 4047,000; 4952,000;    0,000
 516,57; 3571,000; 3776,000;    0,000
 516,85; 3472,000; 3761,600;    0,000
 517,12; 3562,000; 3861,500;    0,000
 517,40; 3463,000; 4444,400;    0,000
 517,68; 3827,000; 4509,100;    0,000
 517,95; 3630,000; 5313,900;    0,000
 518,23; 3704,000; 5641,700;    0,000
 518,51; 3559,000; 6147,700;    0,000
 518,78; 3169,000; 5418,700;    0,000
 519,06; 3516,000; 6688,300;    0,000
 519,34; 3525,000; 7071,800;    0,000
 519,61; 3302,000; 6126,100;    0,000
 519,89; 3375,000; 6965,500;    0,000
 520,17; 3213,000; 7597,000;    0,000
 520,44; 3310,000; 8301,700;    0,000
 520,72; 3221,000; 8449,900;    0,000
 521,00; 3261,000; 8459,300;    0,000
 521,27; 3288,000; 9044,400;    0,000
 521,55; 3194,000; 9640,800;    0,000
 521,83; 3285,000;11201,600;    0,000
 522,10; 3572,000;10641,700;    0,000
 522,38; 3001,000;10761,000;    0,000
 522,66; 2980,000;10207,600;    0,000
 522,93; 2817,000;11114,300;    0,000
 523,21; 2776,000;11711,200;    0,000
 523,49; 2876,000;11754,600;    0,000
 523,76; 3096,000;12826,800;    0,000
 524,04; 2830,000;13406,000;    0,000
 524,32; 2858,000;13543,400;    0,000
 524,59; 3024,000;15112,400;    0,000
 524,87; 2968,000;15253,900;    0,000
 525,14; 3070,000;16868,400;    0,000
 525,42; 2951,000;16039,800;    0,000
 525,70; 2943,000;17283,199;    0,000
 525,97; 2852,000;18680,900;    0,000
 526,25; 3132,000;18773,600;    0,000
 526,52; 2619,000;19217,301;    0,000
 526,80; 2814,000;19819,801;    0,000
 527,08; 2845,000;20698,199;    0,000
 527,35; 2492,000;21093,500;    0,000
 527,63; 2958,000;23168,801;    0,000
 527,91; 2728,000;23039,900;    0,000
 528,18; 2731,000;23777,600;    0,000
 528,46; 2597,000;24377,600;    0,000
 528,73; 2640,000;25470,699;    0,000
 529,01; 2651,000;26645,801;    0,000
 529,28; 2516,000;27044,699;    0,000
 529,56; 2902,000;28873,801;    0,000
 529,84; 2548,000;29689,400;    0,000
 530,11; 2688,000;29824,199;    0,000
 530,39; 2769,000;31255,500;    0,000
 530,66; 2614,000;32119,801;    0,000
 530,94; 2589,000;33280,199;    0,000
 531,22; 2690,000;34168,801;    0,000
 531,49; 2556,000;35731,102;    0,000
 531,77; 2573,000;36637,500;    0,000
 532,04; 2641,000;38177,199;    0,000
 532,32; 2719,000;39223,398;    0,000
 532,59; 2557,000;39853,398;    0,000
 532,87; 2612,000;41474,301;    0,000
 533,14; 2546,000;42684,102;    0,000
 533,42; 2595,000;43903,602;    0,000
 533,70; 2431,000;44957,301;    0,000
 533,97; 2677,000;46357,898;    0,000
 534,25; 2664,000;47585,398;    0,000
 534,52; 2581,000;49170,801;    0,000
 534,80; 2423,000;50903,301;    0,000
 535,07; 2856,000;52664,000;    0,000
 535,35; 2612,000;53380,602;    0,000
 535,62; 2676,000;54923,102;    0,000
 535,90; 2566,000;55666,898;    0,000
 536,17; 2662,000;58219,500;    0,000
 536,45; 2444,000;58571,602;    0,000
 536,72; 2436,000;60280,602;    0,000
 537,00; 2418,000;61783,500;    0,000
 537,27; 2603,000;63138,898;    0,000
 537,55; 2469,000;63066,602;    0,000
 537,82; 2576,000;63167,301;    0,000
 538,10; 2552,000;63127,602;    0,000
 538,37; 2505,000;63167,301;    0,000
 538,65; 2441,000;63127,602;    0,000
 538,92; 2469,000;63167,301;    0,000
 539,20; 2648,000;63127,602;    0,000
 539,47; 2622,000;63167,301;    0,000
 539,75; 2308,000;63127,602;    0,000
 540,02; 2553,000;63167,301;    0,000
 540,30; 2518,000;63127,602;    0,000
 540,57; 2782,000;63167,301;    0,000
 540,85; 2555,000;63127,602;    0,000
 541,12; 2622,000;63167,301;    0,000
 541,40; 2556,000;63127,602;    0,000
 541,67; 2591,000;63167,301;    0,000
 541,95; 2573,000;63127,602;    0,000
 542,22; 3152,000;63167,301;    0,000
 542,50; 2399,000;63127,602;    0,000
 542,77; 2404,000;63167,301;    0,000
 543,05; 2491,000;63127,602;    0,000
 543,32; 2477,000;63167,301;    0,000
 543,60; 2346,000;63127,602;    0,000
 543,87; 2368,000;63167,301;    0,000
 544,14; 2498,000;63127,602;    0,000
 544,42; 2592,000;63167,301;    0,000
 544,69; 2758,000;63127,602;    0,000
 544,97; 2547,000;63167,301;    0,000
 545,24; 2492,000;63127,602;    0,000
 545,52; 2615,000;63167,301;    0,000
 545,79; 2460,000;63127,602;    0,000
 546,07; 2531,000;63167,301;    0,000
 546,34; 2499,000;63127,602;    0,000
 546,61; 2668,000;63167,301;    0,000
 546,89; 2631,000;63127,602;    0,000
 547,16; 2514,000;63167,301;    0,000
 547,44; 2505,000;63127,602;    0,000
 547,71; 2472,000;63167,301;    0,000
 547,98; 2372,000;63127,602;    0,000
 548,26; 2510,000;63167,301;    0,000
 548,53; 2641,000;63127,602;    0,000
 548,81; 2445,000;63167,301;    0,000
 549,08; 2480,000;63127,602;    0,000
 549,36; 2534,000;63167,301;    0,000
 549,63; 2533,000;63127,602;    0,000
 549,90; 2583,000;63167,301;    0,000
 550,18; 2486,000;63127,602;    0,000
 550,45; 2248,000;63167,301;    0,000
 550,72; 2381,000;63127,602;    0,000
 551,00; 2487,000;63167,301;    0,000
 551,27; 2631,000;63127,602;    0,000
 551,55; 2443,000;63167,301;    0,000
 551,82; 2458,000;63127,602;    0,000
 552,09; 2481,000;63167,301;    0,000
 552,37; 2377,000;63127,602;    0,000
 552,64; 2282,000;63167,301;    0,000
 552,91; 2505,000;63127,602;    0,000
 553,19; 2525,000;63167,301;    0,000
 553,46; 2422,000;63127,602;    0,000
 553,74; 2515,000;63167,301;    0,000
 554,01; 2225,000;63127,602;    0,000
 554,28; 2219,000;63167,301;    0,000
 554,56; 2334,000;63127,602;    0,000
 554,83; 2555,000;63167,301;    0,000
 555,10; 2533,000;63127,602;    0,000
 555,38; 2303,000;63167,301;    0,000
 555,65; 2213,000;63127,602;    0,000
 555,92; 2765,000;63167,301;    0,000
 556,20; 2383,000;63127,602;    0,000
 556,47; 2273,000;63167,301;    0,000
 556,74; 2339,000;63127,602;    0,000
 557,02; 2239,000;63167,301;    0,000
 557,29; 2244,000;63127,602;    0,000
 557,56; 2094,000;63167,301;    0,000
 557,84; 2320,000;63127,602;    0,000
 558,11; 2406,000;63167,301;    0,000
 558,38; 2315,000;63127,602;    0,000
 558,66; 2318,000;63167,301;    0,000
 558,93; 2213,000;63127,602;    0,000
 559,20; 2300,000;63167,301;    0,000
 559,48; 2487,000;63127,602;    0,000
 559,75; 2274,000;63167,301;    0,000
 560,02; 2329,000;63127,602;    0,000
 560,29; 2755,000;63167,301;    0,000
 560,57; 2108,000;63127,602;    0,000
 560,84; 2386,000;63167,301;    0,000
 561,11; 2251,000;63127,602;    0,000
 561,39; 2231,000;63167,301;    0,000
 561,66; 2315,000;63127,602;    0,000
 561,93; 2000,000;63167,301;    0,000
 562,20; 2257,000;63127,602;    0,000
 562,48; 2228,000;63167,301;    0,000
 562,75; 2331,000;63127,602;    0,000
 563,02; 2276,000;63167,301;    0,000
 563,30; 2304,000;63127,602;    0,000
 563,57; 2205,000;63167,301;    0,000
 563,84; 2578,000;63127,602;    0,000
 564,11; 2224,000;63167,301;    0,000
 564,39; 2370,000;63127,602;    0,000
 564,66; 2300,000;63167,301;    0,000
 564,93; 2200,000;63127,602;    0,000
 565,20; 2195,000;63167,301;    0,000
 565,48; 2078,000;63127,602;    0,000
 565,75; 3875,000;63167,301;    0,000
 566,02; 2186,000;63127,602;    0,000
 566,29; 2536,000;63167,301;    0,000
 566,57; 2297,000;63127,602;    0,000
 566,84; 2103,000;63167,301;    0,000
 567,11; 2217,000;63127,602;    0,000
 567,38; 2185,000;63167,301;    0,000
 567,65; 2218,000;63127,602;    0,000
 567,93; 2051,000;63167,301;    0,000
 568,20; 2083,000;63127,602;    0,000
 568,47; 2199,000;63167,301;    0,000
 568,74; 2296,000;63127,602;    0,000
 569,02; 2097,000;63167,301;    0,000
 569,29; 2395,000;63127,602;    0,000
 569,56; 2106,000;63167,301;    0,000
 569,83; 2049,000;63127,602;    0,000
 570,10; 2382,000;63167,301;    0,000
 570,38; 2070,000;63127,602;    0,000
 570,65; 2072,000;63167,301;    0,000
 570,92; 2083,000;63127,602;    0,000
 571,19; 2091,000;63167,301;    0,000
 571,46; 2057,000;63127,602;    0,000
 571,74; 2041,000;63167,301;    0,000
 572,01; 2436,000;63127,602;    0,000
 572,28; 2308,000;63167,301;    0,000
 572,55; 2147,000;63127,602;    0,000
 572,82; 2199,000;63167,301;    0,000
 573,09; 2278,000;63127,602;    0,000
 573,37; 2132,000;63167,301;    0,000
 573,64; 2108,000;63127,602;    0,000
 573,91; 2198,000;63167,301;    0,000
 574,18; 2003,000;63127,602;    0,000
 574,45; 2123,000;63167,301;    0,000
 574,72; 1906,000;63127,602;    0,000
 575,00; 2186,000;63167,301;    0,000
 575,27; 1913,000;63127,602;    0,000
 575,54; 2076,000;63167,301;    0,000
 575,81; 1881,000;63127,602;    0,000
 576,08; 1933,000;63167,301;    0,000
 576,35; 2103,000;63127,602;    0,000
 576,63; 2069,000;63167,301;    0,000
 576,90; 1770,000;63127,602;    0,000
 577,17; 2259,000;63167,301;    0,000
 577,44; 2126,000;63127,602;    0,000
 577,71; 2234,000;63167,301;    0,000
 577,98; 1970,000;63127,602;    0,000
 578,25; 1849,000;63167,301;    0,000
 578,52; 1983,000;63127,602;    0,000
 578,80; 2285,000;63167,301;    0,000
 579,07; 2001,000;63127,602;    0,000
 579,34; 2099,000;63167,301;    0,000
 579,61; 2166,000;63127,602;    0,000
 579,88; 2042,000;63167,301;    0,000
 580,15; 1992,000;63127,602;    0,000
 580,42; 1969,000;63167,301;    0,000
 580,69; 1963,000;63127,602;    0,000
 580,96; 1977,000;63167,301;    0,000
 581,23; 1967,000;63127,602;    0,000
 581,51; 2072,000;63167,301;    0,000
 581,78; 1940,000;63127,602;    0,000
 582,05; 1964,000;63167,301;    0,000
 582,32; 1916,000;63127,602;    0,000
 582,59; 1776,000;63167,301;    0,000
 582,86; 1858,000;63127,602;    0,000
 583,13; 1804,000;63167,301;    0,000
 583,40; 1946,000;63127,602;    0,000
 583,67; 1842,000;63167,301;    0,000
 583,94; 1968,000;63127,602;    0,000
 584,21; 2001,000;63167,301;    0,000
 584,48; 1858,000;63127,602;    0,000
 584,75; 1885,000;63167,301;    0,000
 585,03; 1933,000;63127,602;    0,000
 585,30; 1824,000;63167,301;    0,000
 585,57; 1850,000;63127,602;    0,000
 585,84; 2123,000;63167,301;    0,000
 586,11; 1698,000;63127,602;    0,000
 586,38; 1717,000;63167,301;    0,000
 586,65; 1858,000;63127,602;    0,000
 586,92; 1699,000;63167,301;    0,000
 587,19; 1975,000;63127,602;    0,000
 587,46; 1815,000;63167,301;    0,000
 587,73; 1868,000;63127,602;    0,000
 588,00; 1907,000;63167,301;    0,000
 588,27; 1655,000;63123,898;    0,000
 588,54; 1718,000;62757,000;    0,000
 588,81; 1741,000;62646,699;    0,000
 589,08; 1746,000;61756,301;    0,000
 589,35; 1693,000;60706,602;    0,000
 589,62; 1858,000;60385,898;    0,000
 589,89; 1843,000;59329,000;    0,000
 590,16; 1777,000;58022,699;    0,000
 590,43; 1839,000;57529,898;    0,000
 590,70; 1767,000;57330,301;    0,000
 590,97; 1869,000;55502,500;    0,000
 591,24; 1752,000;54541,398;    0,000
 591,51; 1742,000;53414,602;    0,000
 591,78; 1610,000;52291,801;    0,000
 592,05; 1545,000;51138,301;    0,000
 592,32; 1937,000;52011,301;    0,000
 592,59; 1528,000;49937,301;    0,000
 592,86; 1735,000;49275,000;    0,000
 593,13; 1455,000;47284,398;    0,000
 593,40; 1407,000;46529,398;    0,000
 593,67; 1718,000;46957,898;    0,000
 593,94; 1444,000;44459,500;    0,000
 594,21; 1757,000;45089,301;    0,000
 594,48; 1692,000;44295,699;    0,000
 594,75; 1619,000;42664,699;    0,000
 595,02; 1501,000;41676,102;    0,000
 595,29; 1680,000;41435,801;    0,000
 595,56; 1435,000;40149,000;    0,000
 595,83; 1506,000;39124,801;    0,000
 596,10; 1568,000;38819,500;    0,000
 596,37; 1442,000;37373,500;    0,000
 596,63; 1844,000;38644,301;    0,000
 596,90; 1609,000;36625,699;    0,000
 597,17; 1587,000;35810,898;    0,000
 597,44; 1588,000;35013,602;    0,000
 597,71; 1727,000;34583,301;    0,000
 597,98; 1566,000;33900,801;    0,000
 598,25; 1477,000;32601,100;    0,000
 598,52; 1617,000;32634,199;    0,000
 598,79; 1642,000;31850,900;    0,000
 599,06; 1279,000;30042,801;    0,000
 599,33; 1429,000;29655,900;    0,000
 599,60; 1440,000;29462,199;    0,000
 599,87; 1547,000;28816,699;    0,000
 600,13; 1363,000;28292,199;    0,000
 600,40; 1672,000;28527,199;    0,000
 600,67; 1596,000;27125,301;    0,000
 600,94; 1336,000;26166,400;    0,000
 601,21; 1395,000;25900,600;    0,000
 601,48; 1552,000;26134,699;    0,000
 601,75; 1574,000;25100,600;    0,000
 602,02; 1434,000;24694,100;    0,000
 602,29; 1496,000;23532,801;    0,000
 602,56; 1388,000;23479,301;    0,000
 602,82; 1254,000;22236,699;    0,000
 603,09; 1407,000;22145,801;    0,000
 603,36; 1471,000;21423,000;    0,000
 603,63; 1490,000;21260,000;    0,000
 603,90; 1296,000;19984,199;    0,000
 604,17; 1355,000;20095,100;    0,000
 604,44; 1367,000;19762,600;    0,000
 604,70; 1374,000;18981,699;    0,000
 604,97; 1643,000;18932,000;    0,000
 605,24; 1384,000;18677,900;    0,000
 605,51; 1465,000;18311,801;    0,000
 605,78; 1696,000;18562,301;    0,000
 606,05; 1195,000;16589,000;    0,000
 606,32; 1318,000;16978,400;    0,000
 606,58; 1402,000;16046,900;    0,000
 606,85; 1703,000;17064,801;    0,000
 607,12; 1248,000;15044,100;    0,000
 607,39; 1478,000;15889,400;    0,000
 607,66; 1457,000;15000,700;    0,000
 607,93; 1389,000;14625,900;    0,000
 608,19; 1583,000;14486,400;    0,000
 608,46; 1480,000;14527,300;    0,000
 608,73; 1375,000;13276,500;    0,000
 609,00; 1429,000;13381,400;    0,000
 609,27; 1544,000;13447,600;    0,000
 609,53; 1250,000;12830,500;    0,000
 609,80; 1278,000;12588,100;    0,000
 610,07; 1420,000;12418,500;    0,000
 610,34; 1222,000;11442,500;    0,000
 610,61; 1204,000;10761,700;    0,000
 610,88; 1413,000;10905,800;    0,000
 611,14; 1435,000;12050,300;    0,000
 611,41; 1272,000;10563,000;    0,000
 611,68; 1403,000;10329,500;    0,000
 611,95; 1424,000;10658,600;    0,000
 612,21; 1399,000;10494,400;    0,000
 612,48; 1397,000; 9806,100;    0,000
 612,75; 1516,000; 9908,800;    0,000
 613,02; 1389,000; 9677,000;    0,000
 613,29; 1302,000; 8462,100;    0,000
 613,55; 1343,000; 8708,400;    0,000
 613,82; 1491,000; 9413,800;    0,000
 614,09; 1318,000; 8267,700;    0,000
 614,36; 1365,000; 8924,400;    0,000
 614,62; 1443,000; 8302,100;    0,000
 614,89; 1238,000; 8423,400;    0,000
 615,16; 1351,000; 8004,000;    0,000
 615,43; 1357,000; 7240,000;    0,000
 615,69; 1274,000; 7084,400;    0,000
 615,96; 1406,000; 7020,300;    0,000
 616,23; 1199,000; 6564,700;    0,000
 616,50; 1224,000; 6879,800;    0,000
 616,76; 1286,000; 6440,800;    0,000
 617,03; 1271,000; 6116,400;    0,000
 617,30; 1115,000; 5726,400;    0,000
 617,57; 1234,000; 5878,900;    0,000
 617,83; 1142,000; 5707,400;    0,000
 618,10; 1201,000; 6388,800;    0,000
 618,37; 1191,000; 5423,300;    0,000
 618,63; 1062,000; 5643,000;    0,000
 618,90; 1199,000; 4728,900;    0,000
 619,17; 1167,000; 5577,200;    0,000
 619,44; 1292,000; 6092,700;    0,000
 619,70; 1398,000; 5775,200;    0,000
 619,97; 1123,000; 4122,700;    0,000
 620,24; 1122,000; 4276,800;    0,000
 620,50; 1193,000; 4511,200;    0,000
 620,77; 1302,000; 4553,500;    0,000
 621,04; 1267,000; 3902,100;    0,000
 621,30; 1174,000; 4366,300;    0,000
 621,57; 1127,000; 3960,900;    0,000
 621,84; 1241,000; 3931,100;    0,000
 622,11; 1279,000; 3530,400;    0,000
 622,37; 1384,000; 4384,200;    0,000
 622,64; 1355,000; 3697,600;    0,000
 622,91; 1148,000; 3401,300;    0,000
 623,17; 1064,000; 3497,900;    0,000
 623,44; 1170,000; 3649,300;    0,000
 623,71; 1132,000; 2682,100;    0,000
 623,97; 1126,000; 2807,200;    0,000
 624,24; 1194,000; 2650,700;    0,000
 624,51; 1142,000; 2624,400;    0,000
 624,77; 1187,000; 2867,200;    0,000
 625,04; 1176,000; 2618,700;    0,000
 625,30; 1221,000; 2312,600;    0,000
 625,57; 1441,000; 3687,900;    0,000
 625,84; 1461,000; 3669,800;    0,000
 626,10; 1120,000; 2755,900;    0,000
 626,37; 1288,000; 2982,500;    0,000
 626,64; 1097,000; 2315,800;    0,000
 626,90; 1310,000; 2315,000;    0,000
 627,17; 1047,000; 1813,900;    0,000
 627,44; 1210,000; 2269,100;    0,000
 627,70; 1242,000; 3282,200;    0,000
 627,97; 1334,000; 2355,400;    0,000
 628,23; 1147,000; 1814,100;    0,000
 628,50; 1023,000; 1362,200;    0,000
 628,77; 1095,000; 2059,300;    0,000
 629,03; 1123,000; 1846,000;    0,000
 629,30; 1317,000; 2142,100;    0,000
 629,56; 1035,000; 1449,300;    0,000
 629,83; 1092,000; 1588,900;    0,000
 630,10; 1155,000; 1784,500;    0,000
 630,36; 1112,000; 1500,900;    0,000
 630,63; 1334,000; 2858,900;    0,000
 630,89; 1104,000; 1273,800;    0,000
 631,16; 1036,000; 1363,900;    0,000
 631,43; 1378,000; 2752,300;    0,000
 631,69; 1078,000; 1310,400;    0,000
 631,96; 1237,000; 1826,100;    0,000
 632,22; 1172,000; 1400,300;    0,000
 632,49; 1192,000;  789,600;    0,000
 632,75;  973,000; 1153,400;    0,000
 633,02; 1217,000; 1418,200;    0,000
 633,29; 1362,000; 1872,200;    0,000
 633,55; 1266,000; 1618,000;    0,000
 633,82; 1076,000; 1593,800;    0,000
 634,08; 1355,000; 1572,200;    0,000
 634,35; 1174,000; 1598,100;    0,000
 634,61; 1143,000;  366,500;    0,000
 634,88;  957,000;  452,400;    0,000
 635,14; 1278,000; 1404,300;    0,000
 635,41; 1305,000; 1348,300;    0,000
 635,68; 1223,000; 1622,700;    0,000
 635,94; 1263,000; 1521,100;    0,000
 636,21; 1399,000; 1536,400;    0,000
 636,47; 1245,000; 1242,700;    0,000
 636,74; 1355,000; 1809,300;    0,000
 637,00; 1179,000;  916,100;    0,000
 637,27; 1230,000; 1011,000;    0,000
 637,53; 1049,000;  162,300;    0,000
 637,80; 1187,000;  577,000;    0,000
 638,06; 1377,000; 2100,700;    0,000
 638,33; 1280,000;  944,000;    0,000
 638,59; 1189,000;  611,600;    0,000
 638,86; 1127,000;  620,500;    0,000
 639,12; 1173,000;  790,700;    0,000
 639,39; 1363,000; 1356,200;    0,000
 639,65; 1288,000; 1306,700;    0,000
 639,92; 1291,000;  882,200;    0,000
 640,18; 1043,000;   24,200;    0,000
 640,45; 1661,000; 2494,900;    0,000
 640,71; 1227,000;  177,300;    0,000
 640,98; 1386,000;  663,800;    0,000
 641,24; 1375,000;  818,700;    0,000
 641,51; 1246,000;  449,500;    0,000
 641,77; 1390,000;  843,900;    0,000
 642,04; 1510,000; 1490,700;    0,000
 642,30; 1351,000;  361,700;    0,000
 642,57; 1504,000; 1033,000;    0,000
 642,83; 1321,000;  195,200;    0,000
 643,10; 1463,000;  452,900;    0,000
 643,36; 1251,000; -105,900;    0,000
 643,62; 1600,000; 1451,100;    0,000
 643,89; 1520,000;  281,400;    0,000
 644,15; 1617,000; 1563,700;    0,000
 644,42; 1631,000;  730,700;    0,000
 644,68; 1454,000;  777,800;    0,000
 644,95; 1822,000; 2010,400;    0,000
 645,21; 1566,000; 1203,000;    0,000
 645,48; 1538,000;  971,500;    0,000
 645,74; 1518,000;  182,500;    0,000
 646,00; 1757,000;  584,700;    0,000
 646,27; 1547,000;  490,600;    0,000
 646,53; 1397,000; -233,400;    0,000
 646,80; 1513,000; -234,200;    0,000
 647,06; 1695,000;  617,100;    0,000
 647,32; 1709,000; 1067,000;    0,000
 647,59; 1527,000;  -25,200;    0,000
 647,85; 1581,000; -225,400;    0,000
 648,12; 1750,000;  318,900;    0,000
 648,38; 1856,000; 1019,500;    0,000
 648,65; 1560,000;  630,600;    0,000
 648,91; 1668,000;  263,400;    0,000
 649,17; 1780,000;  227,800;    0,000
 649,44; 1641,000;   55,100;    0,000
 649,70; 1654,000;    1,400;    0,000
 649,96; 2006,000; 1414,000;    0,000
 650,23; 1868,000; -316,100;    0,000
 650,49; 1904,000;  148,600;    0,000
 650,76; 1722,000;  -36,800;    0,000
 651,02; 1949,000;  370,100;    0,000
 651,28; 2003,000;  277,000;    0,000
 651,55; 1830,000;  -44,500;    0,000
 651,81; 2020,000;  389,800;    0,000
 652,07; 2107,000;  923,500;    0,000
 652,34; 1988,000;  292,400;    0,000
 652,60; 1988,000;  -93,500;    0,000
 652,87; 2117,000;  809,400;    0,000
 653,13; 1820,000; -273,400;    0,000
 653,39; 2123,000;  105,100;    0,000
 653,66; 2014,000; -372,900;    0,000
 653,92; 2174,000;  -24,400;    0,000
 654,18; 1907,000;  -79,900;    0,000
 654,45; 2260,000;  325,100;    0,000
 654,71; 2000,000; -670,300;    0,000
 654,97; 2271,000; -495,800;    0,000
 655,24; 2139,000;   84,300;    0,000
 655,50; 2105,000; -164,900;    0,000
 655,76; 2360,000;   56,000;    0,000
 656,03; 2328,000;   98,300;    0,000
 656,29; 2432,000; -128,800;    0,000
 656,55; 2295,000; -520,900;    0,000
 656,81; 2511,000;  476,400;    0,000
 657,08; 2440,000;  487,500;    0,000
 657,34; 2402,000; -457,300;    0,000
 657,60; 2484,000; -272,800;    0,000
 657,87; 2560,000;  230,500;    0,000
 658,13; 2533,000;  394,400;    0,000
 658,39; 2302,000; -260,100;    0,000
 658,66; 2443,000; -514,000;    0,000
 658,92; 2494,000; -241,800;    0,000
 659,18; 2456,000; -439,900;    0,000
 659,44; 2771,000;  547,700;    0,000
 659,71; 2733,000; -453,100;    0,000
 659,97; 2948,000;  702,000;    0,000
 660,23; 2765,000; -207,900;    0,000
 660,50; 2804,000; -107,500;    0,000
 660,76; 2725,000; -327,200;    0,000
 661,02; 2913,000;  120,200;    0,000
 661,28; 3042,000;  255,100;    0,000
 661,55; 2759,000;  192,200;    0,000
 661,81; 2854,000; -734,700;    0,000
 662,07; 3017,000; -231,900;    0,000
 662,33; 2908,000; -462,800;    0,000
 662,60; 2917,000; -711,100;    0,000
 662,86; 3383,000;  607,200;    0,000
 663,12; 3281,000;  526,200;    0,000
 663,38; 3258,000; -208,300;    0,000
 663,65; 3098,000;  505,400;    0,000
 663,91; 3436,000;  470,000;    0,000
 664,17; 3412,000;   -6,500;    0,000
 664,43; 3292,000; -109,000;    0,000
 664,69; 3263,000; -642,400;    0,000
 664,96; 3345,000;  308,900;    0,000
 665,22; 3336,000; -163,300;    0,000
 665,48; 3420,000;  -62,400;    0,000
 665,74; 3606,000;  314,700;    0,000
 666,01; 3575,000;  586,100;    0,000
 666,27; 3389,000; -604,200;    0,000
 666,53; 3474,000;   27,300;    0,000
 666,79; 3568,000;  -96,700;    0,000
 667,05; 3657,000; -569,700;    0,000
 667,32; 3558,000; -424,200;    0,000
 667,58; 3914,000;  241,200;    0,000
 667,84; 3781,000;  -73,800;    0,000
 668,10; 3474,000; -523,500;    0,000
 668,36; 4085,000; 1288,600;    0,000
 668,63; 3715,000;  -92,400;    0,000
 668,89; 3931,000; -321,200;    0,000
 669,15; 3658,000; -703,900;    0,000
 669,41; 4385,000; 1249,600;    0,000
 669,67; 4008,000; -242,900;    0,000
 669,93; 4212,000;  433,200;    0,000
 670,20; 4101,000;  -31,500;    0,000
 670,46; 3957,000;  -56,000;    0,000
 670,72; 4142,000;  265,900;    0,000
 670,98; 4350,000;  916,500;    0,000
 671,24; 4502,000;  257,300;    0,000
 671,50; 4223,000;  816,800;    0,000
 671,76; 4472,000;  215,300;    0,000
 672,03; 4343,000;  767,800;    0,000
 672,29; 4179,000;  -57,700;    0,000
 672,55; 4155,000; -807,200;    0,000
 672,81; 4521,000; -316,400;    0,000
 673,07; 4558,000; -195,700;    0,000
 673,33; 4649,000; -264,200;    0,000
 673,59; 4636,000;  346,900;    0,000
 673,86; 4587,000; -303,000;    0,000
 674,12; 4717,000;  525,400;    0,000
 674,38; 4911,000;  -86,500;    0,000
 674,64; 4647,000;  602,100;    0,000
 674,90; 4506,000; -444,000;    0,000
 675,16; 4910,000;  319,400;    0,000
 675,42; 4914,000;  488,200;    0,000
 675,68; 4780,000;  308,100;    0,000
 675,94; 4945,000;  185,200;    0,000
 676,21; 4807,000; -502,900;    0,000
 676,47; 5053,000;  168,800;    0,000
 676,73; 5059,000; -733,400;    0,000
 676,99; 5138,000;  105,800;    0,000
 677,25; 5355,000;  787,300;    0,000
 677,51; 5349,000; -294,500;    0,000
 677,77; 5351,000;  284,500;    0,000
 678,03; 5389,000; 1015,600;    0,000
 678,29; 5097,000; -614,500;    0,000
 678,55; 5563,000;    7,500;    0,000
 678,81; 5689,000; -424,000;    0,000
 679,07; 5555,000;  512,100;    0,000
 679,33; 5589,000; -160,500;    0,000
 679,59; 5682,000;  589,800;    0,000
 679,86; 5828,000; -335,200;    0,000
 680,12; 5756,000; -919,100;    0,000
 680,38; 5928,000;  -81,900;    0,000
 680,64; 5922,000;  408,500;    0,000
 680,90; 6153,000;  367,100;    0,000
 681,16; 6028,000; -230,000;    0,000
 681,42; 6196,000;   40,100;    0,000
 681,68; 5952,000;   38,300;    0,000
 681,94; 5931,000; -359,900;    0,000
 682,20; 5902,000; -758,800;    0,000
 682,46; 6122,000; -710,400;    0,000
 682,72; 6492,000; -471,600;    0,000
 682,98; 6010,000; -429,300;    0,000
 683,24; 6563,000;  297,200;    0,000
 683,50; 6727,000;  245,100;    0,000
 683,76; 6759,000;  -50,400;    0,000
 684,02; 6500,000;  178,800;    0,000
 684,28; 6389,000; -889,300;    0,000
 684,54; 6760,000; -553,600;    0,000
 684,80; 6455,000; -825,100;    0,000
 685,06; 6666,000; -751,000;    0,000
 685,32; 6970,000; -192,300;    0,000
 685,58; 6755,000; -627,700;    0,000
 685,84; 6964,000; -589,500;    0,000
 686,10; 7196,000;  560,700;    0,000
 686,36; 7177,000; -205,800;    0,000
 686,62; 6951,000; -364,600;    0,000
 686,88; 7379,000; -283,800;    0,000
 687,14; 7156,000; -668,400;    0,000
 687,40; 7420,000; -233,100;    0,000
 687,66; 7445,000;  -85,500;    0,000
 687,92; 7693,000; -397,800;    0,000
 688,18; 7860,000; -171,300;    0,000
 688,44; 7666,000;  -82,000;    0,000
 688,70; 7922,000;  102,700;    0,000
 688,96; 7658,000; -121,100;    0,000
 689,22; 7673,000; -196,900;    0,000
 689,48; 8238,000; -197,800;    0,000
 689,73; 8119,000; -407,000;    0,000
 689,99; 7767,000;  -88,900;    0,000
 690,25; 8231,000; -167,600;    0,000
 690,51; 8348,000;  119,600;    0,000
 690,77; 8503,000; -456,900;    0,000
 691,03; 8881,000;  -16,200;    0,000
 691,29; 8804,000; -472,200;    0,000
 691,55; 8105,000; -478,000;    0,000
 691,81; 9060,000; -108,200;    0,000
 692,07; 9175,000; -459,800;    0,000
 692,33; 9097,000;  259,300;    0,000
 692,59; 9420,000;  223,000;    0,000
 692,85; 9541,000;  367,600;    0,000
 693,10; 9682,000; -166,000;    0,000
 693,36; 9434,000;  399,500;    0,000
 693,62; 9446,000;  -52,300;    0,000
 693,88;10298,000;  175,000;    0,000
 694,14; 9878,000; -148,000;    0,000
 694,40; 9727,000;  -75,700;    0,000
 694,66;10261,000; -748,700;    0,000
 694,92; 9873,000; -613,100;    0,000
 695,18; 9963,000; -331,800;    0,000
 695,43;10203,000; -353,100;    0,000
 695,69;10291,000;  284,500;    0,000
 695,95;10439,000; -321,000;    0,000
 696,21;10450,000; -595,700;    0,000
 696,47;10676,000;  447,000;    0,000
 696,73;10935,000;  427,500;    0,000
 696,99;10926,000;  304,200;    0,000
 697,25;10847,000;  476,800;    0,000
 697,50;10881,000; -312,600;    0,000
 697,76;11372,000; -160,700;    0,000
 698,02;11072,000; -233,900;    0,000
 698,28;11279,000;  -45,700;    0,000
 698,54;11414,000;  324,600;    0,000
 698,80;11434,000; -179,000;    0,000
 699,05;11152,000; -525,300;    0,000
 699,31;11586,000; -295,400;    0,000
 699,57;11430,000; -419,200;    0,000
 699,83;11511,000; -322,000;    0,000
 700,09;11951,000;  799,400;    0,000
 700,35;11912,000; 1292,000;    0,000
 700,60;11901,000; -700,300;    0,000
 700,86;11709,000;  383,400;    0,000
 701,12;12662,000; -134,800;    0,000
 701,38;12715,000;  808,300;    0,000
 701,64;12812,000;  572,400;    0,000
 701,89;12620,000; -531,100;    0,000
 702,15;13259,000;  271,300;    0,000
 702,41;13037,000; -322,200;    0,000
 702,67;13254,000; -582,900;    0,000
 702,93;13292,000; -275,700;    0,000
 703,18;13362,000; -271,300;    0,000
 703,44;14053,000; 1031,600;    0,000
 703,70;13631,000; -115,300;    0,000
 703,96;14203,000; -168,400;    0,000
 704,22;14372,000; 1679,300;    0,000
 704,47;13849,000;  220,400;    0,000
 704,73;13927,000;  335,400;    0,000
 704,99;14035,000;  202,300;    0,000
 705,25;13862,000; -181,000;    0,000
 705,50;14208,000;  -64,200;    0,000
 705,76;14283,000;   59,400;    0,000
 706,02;14153,000; -280,900;    0,000
 706,28;14386,000;  729,900;    0,000
 706,53;14515,000; -404,500;    0,000
 706,79;14328,000; -355,400;    0,000
 707,05;14607,000;  600,100;    0,000
 707,31;14529,000; -237,800;    0,000
 707,56;14781,000; 1367,600;    0,000
 707,82;14692,000; -338,600;    0,000
 708,08;14826,000;  478,100;    0,000
 708,34;14424,000; -343,400;    0,000
 708,59;14674,000; -264,900;    0,000
 708,85;14347,000;  376,500;    0,000
 709,11;14364,000; -668,400;    0,000
 709,36;14409,000;  550,200;    0,000
 709,62;14782,000; -394,200;    0,000
 709,88;14921,000;  286,900;    0,000
 710,14;15119,000; -127,400;    0,000
 710,39;15152,000;  375,200;    0,000
 710,65;14696,000; -266,900;    0,000
 710,91;14875,000; -264,600;    0,000
 711,16;14878,000;  294,100;    0,000
 711,42;14516,000; -517,700;    0,000
 711,68;15144,000;   93,600;    0,000
 711,93;14664,000; -435,500;    0,000
 712,19;15409,000;  882,200;    0,000
 712,45;14577,000;  450,100;    0,000
 712,70;14722,000;   -1,500;    0,000
 712,96;14614,000;  377,900;    0,000
 713,22;14450,000; -387,700;    0,000
 713,47;14143,000; -414,700;    0,000
 713,73;14002,000; -831,400;    0,000
 713,99;13885,000; -726,400;    0,000
 714,24;13961,000; 1586,200;    0,000
 714,50;14011,000; -761,600;    0,000
 714,76;13603,000; -539,500;    0,000
 715,01;13713,000; -484,700;    0,000
 715,27;13488,000; -269,600;    0,000
 715,53;13655,000; -217,100;    0,000
 715,78;13687,000; -200,500;    0,000
 716,04;13640,000; -163,000;    0,000
 716,30;13732,000;  284,300;    0,000
 716,55;13484,000; -373,600;    0,000
 716,81;13777,000;   93,800;    0,000
 717,07;13462,000;  162,000;    0,000
 717,32;13170,000; -334,100;    0,000
 717,58;13692,000;  141,800;    0,000
 717,83;13334,000;  504,000;    0,000
 718,09;13111,000;  199,900;    0,000
 718,35;13669,000; -444,300;    0,000
 718,60;13427,000;  107,100;    0,000
 718,86;13462,000;  703,500;    0,000
 719,11;13071,000; -297,000;    0,000
 719,37;12823,000; -337,800;    0,000
 719,63;13445,000;  267,700;    0,000
 719,88;13307,000;  768,200;    0,000
 720,14;13299,000; -497,400;    0,000
 720,39;12499,000; -377,000;    0,000
 720,65;12624,000; -668,700;    0,000
 720,91;12662,000;   72,500;    0,000
 721,16;13108,000;  609,600;    0,000
 721,42;13079,000;  105,300;    0,000
 721,67;12986,000;  610,400;    0,000
 721,93;12854,000; -563,300;    0,000
 722,18;12987,000;  457,300;    0,000
 722,44;12946,000;  292,900;    0,000
 722,69;13280,000;  816,900;    0,000
 722,95;12773,000;    2,800;    0,000
 723,21;12617,000;  217,000;    0,000
 723,46;12315,000;  575,700;    0,000
 723,72;12559,000; -267,600;    0,000
 723,97;12710,000;   83,800;    0,000
 724,23;12635,000;  594,900;    0,000
 724,48;13020,000;  769,700;    0,000
 724,74;13286,000; -130,300;    0,000
 724,99;12865,000; -553,600;    0,000
 725,25;13001,000; -120,400;    0,000
 725,50;13389,000;   26,500;    0,000
 725,76;13032,000;  894,600;    0,000
 726,01;13259,000; -304,800;    0,000
 726,27;13223,000;  -70,700;    0,000
 726,52;12688,000; -375,800;    0,000
 726,78;13639,000; -108,200;    0,000
 727,04;13408,000; -211,900;    0,000
 727,29;13242,000; -127,100;    0,000
 727,55;13201,000; -227,600;    0,000
 727,80;13020,000;    2,000;    0,000
 728,05;12995,000; -720,800;    0,000
 728,31;13460,000; -114,800;    0,000
 728,56;13079,000; -892,800;    0,000
 728,82;13161,000; -390,300;    0,000
 729,07;13080,000;   32,700;    0,000
 729,33;13070,000; -261,000;    0,000
 729,58;13026,000; -510,700;    0,000
 729,84;12952,000;   35,800;    0,000
 730,09;12746,000;  632,400;    0,000
 730,35;12774,000;  -85,700;    0,000
 730,60;12607,000; -891,800;    0,000
 730,86;12567,000;  -45,500;    0,000
 731,11;12684,000; -872,100;    0,000
 731,37;12457,000; -323,400;    0,000
 731,62;12375,000; -303,500;    0,000
 731,88;12494,000; -471,600;    0,000
 732,13;12475,000;  142,700;    0,000
 732,38;12952,000;  591,600;    0,000
 732,64;13538,000;  357,500;    0,000
 732,89;14096,000; 1607,500;    0,000
 733,15;14159,000; -327,100;    0,000
 733,40;14090,000; -366,100;    0,000
 733,66;14694,000;  -92,600;    0,000
 733,91;14573,000;  293,600;    0,000
 734,16;14700,000; -550,100;    0,000
 734,42;14926,000;  -96,300;    0,000
 734,67;15363,000;   98,000;    0,000
 734,93;14777,000; -443,800;    0,000
 735,18;16746,000; -375,300;    0,000
 735,43;14942,000; -456,100;    0,000
 735,69;15115,000; -343,500;    0,000
 735,94;15282,000;  514,000;    0,000
 736,20;14464,000; -323,500;    0,000
 736,45;14531,000;   81,700;    0,000
 736,70;14557,000; -432,500;    0,000
 736,96;14238,000; -328,600;    0,000
 737,21;13745,000; -271,100;    0,000
 737,47;14164,000;  139,700;    0,000
 737,72;13935,000; -654,800;    0,000
 737,97;14335,000;  -24,100;    0,000
 738,23;14215,000; -242,600;    0,000
 738,48;14151,000;  363,600;    0,000
 738,73;13688,000; -938,400;    0,000
 738,99;14498,000;  311,000;    0,000
 739,24;13949,000; -154,800;    0,000
 739,49;14126,000; -370,300;    0,000
 739,75;14065,000; -106,300;    0,000
 740,00;13590,000;  -48,100;    0,000
 740,26;13743,000;  171,100;    0,000
 740,51;13275,000;  183,100;    0,000
 740,76;13147,000; -554,500;    0,000
 741,02;13449,000;  532,500;    0,000
 741,27;12975,000;  301,400;    0,000
 741,52;13130,000;  197,700;    0,000
 741,78;13069,000; -645,100;    0,000
 742,03;12640,000;   27,000;    0,000
 742,28;12544,000;  208,600;    0,000
 742,53;12308,000; -190,300;    0,000
 742,79;11883,000; -891,700;    0,000
 743,04;11949,000; -678,600;    0,000
 743,29;11662,000;  -89,700;    0,000
 743,55;11778,000; -197,200;    0,000
 743,80;11188,000; -613,800;    0,000
 744,05;11680,000;  587,200;    0,000
 744,31;11774,000; 1169,800;    0,000
 744,56;11709,000;  -80,400;    0,000
 744,81;11699,000; -163,300;    0,000
 745,06;11848,000;  322,900;    0,000
 745,32;12144,000;  449,800;    0,000
 745,57;12331,000; -831,700;    0,000
 745,82;13126,000; -118,900;    0,000
 746,08;13706,000;  -32,800;    0,000
 746,33;14494,000;  285,300;    0,000
 746,58;14082,000; -628,800;    0,000
 746,83;14601,000;   34,200;    0,000
 747,09;15189,000; -211,400;    0,000
 747,34;15505,000; -491,300;    0,000
 747,59;15467,000; -418,200;    0,000
 747,84;15477,000;    4,400;    0,000
 748,10;16197,000; -128,200;    0,000
 748,35;16668,000;  736,000;    0,000
 748,60;15811,000; -744,000;    0,000
 748,85;16305,000;  411,900;    0,000
 749,11;16405,000; -372,500;    0,000
 749,36;17220,000;  395,700;    0,000
 749,61;16760,000; -775,300;    0,000
 749,86;16887,000; -290,500;    0,000
 750,12;16915,000; -580,400;    0,000
 750,37;16456,000; -340,000;    0,000
 750,62;16888,000;  -53,300;    0,000
 750,87;17228,000;  100,900;    0,000
 751,12;16524,000; -121,600;    0,000
 751,38;17105,000;  791,500;    0,000
 751,63;16608,000; -439,600;    0,000
 751,88;16256,000; -283,500;    0,000
 752,13;16190,000; -475,700;    0,000
 752,38;16536,000;   -0,100;    0,000
 752,64;16473,000;  422,500;    0,000
 752,89;16308,000;  273,600;    0,000
 753,14;16314,000;  402,400;    0,000
 753,39;16049,000;  778,700;    0,000
 753,64;15584,000;  116,900;    0,000
 753,89;15502,000;  186,700;    0,000
 754,15;14838,000; -936,600;    0,000
 754,40;14977,000;  -89,400;    0,000
 754,65;14235,000; -654,700;    0,000
 754,90;14006,000;  463,800;    0,000
 755,15;13605,000; 1202,800;    0,000
 755,40;13367,000;  127,700;    0,000
 755,66;12765,000; -191,300;    0,000
 755,91;12571,000;  -16,600;    0,000
 756,16;12195,000;  852,000;    0,000
 756,41;11574,000; -317,600;    0,000
 756,66;11154,000; -541,000;    0,000
 756,91;10742,000; -237,700;    0,000
 757,16;10422,000; 1452,300;    0,000
 757,42;10707,000; -614,000;    0,000
 757,67;11123,000; -384,200;    0,000
 757,92;11895,000; -215,600;    0,000
 758,17;12239,000;  -41,600;    0,000
 758,42;12477,000; -303,600;    0,000
 758,67;12920,000; -131,700;    0,000
 758,92;13529,000; -278,500;    0,000
 759,17;14134,000;  314,900;    0,000
 759,43;14111,000; -795,400;    0,000
 759,68;14247,000;  -87,500;    0,000
 759,93;14510,000; -395,200;    0,000
 760,18;14827,000;  162,000;    0,000
 760,43;15443,000; -677,300;    0,000
 760,68;15676,000;  131,800;    0,000
 760,93;15497,000;  121,900;    0,000
 761,18;15909,000;  504,900;    0,000
 761,43;15675,000;   60,700;    0,000
 761,68;15932,000;  322,500;    0,000
 761,93;15770,000; -653,200;    0,000
 762,19;15861,000; -711,000;    0,000
 762,44;16432,000; -349,600;    0,000
 762,69;16102,000; -718,700;    0,000
 762,94;15598,000; -124,300;    0,000
 763,19;16535,000;  211,900;    0,000
 763,44;16246,000;  -11,200;    0,000
 763,69;15992,000; -201,200;    0,000
 763,94;16627,000;  729,100;    0,000
 764,19;15635,000;   55,500;    0,000
 764,44;15731,000; -335,600;    0,000
 764,69;15791,000;  323,100;    0,000
 764,94;15556,000; -104,600;    0,000
 765,19;15626,000; -695,200;    0,000
 765,44;15435,000;  -45,800;    0,000
 765,69;15100,000; -250,800;    0,000
 765,94;15161,000;  494,700;    0,000
 766,19;14968,000;  387,800;    0,000
 766,44;15383,000;  397,200;    0,000
 766,69;15182,000; -189,600;    0,000
 766,94;15280,000; -672,200;    0,000
 767,19;15393,000; -369,000;    0,000
 767,44;14546,000; -319,800;    0,000
 767,69;14778,000; -412,300;    0,000
 767,94;14395,000;  523,200;    0,000
 768,19;14370,000;   29,100;    0,000
 768,44;13634,000; -189,200;    0,000
 768,69;13529,000; -254,300;    0,000
 768,94;13183,000;  176,800;    0,000
 769,19;12524,000; -620,100;    0,000
 769,44;11821,000; -101,100;    0,000
 769,69;11695,000;  701,900;    0,000
 769,94;10920,000;  408,700;    0,000
 770,19;10076,000; -304,400;    0,000
 770,44; 8902,000;   72,400;    0,000
 770,69; 7593,000; -335,400;    0,000
 770,94; 7385,000; -527,200;    0,000
 771,19; 7230,000; -558,000;    0,000
 771,44; 7492,000;  -23,200;    0,000
 771,69; 7715,000; -424,800;    0,000
 771,94; 7380,000; -821,700;    0,000
 772,19; 7435,000; -582,700;    0,000
 772,44; 7163,000; -694,100;    0,000
 772,69; 7166,000; -379,600;    0,000
 772,94; 7287,000; -105,500;    0,000
 773,18; 7240,000;  147,300;    0,000
 773,43; 7423,000; -203,300;    0,000
 773,68; 7174,000;  225,100;    0,000
 773,93; 7139,000;  237,200;    0,000
 774,18; 7194,000;  164,700;    0,000
 774,43; 6942,000; -498,200;    0,000
 774,68; 6800,000; -386,500;    0,000
 774,93; 6921,000; 1068,900;    0,000
 775,18; 6540,000;  396,900;    0,000
 775,43; 6623,000; -148,300;    0,000
 775,68; 6585,000;  549,500;    0,000
 775,93; 6312,000; -310,000;    0,000
 776,17; 5815,000; -570,100;    0,000
 776,42; 5910,000; -246,300;    0,000
 776,67; 5866,000; -140,800;    0,000
 776,92; 5596,000; -143,900;    0,000
 777,17; 5722,000;  283,600;    0,000
 777,42; 5217,000; -661,600;    0,000
 777,67; 4989,000; -512,500;    0,000
 777,92; 4925,000; -459,400;    0,000
 778,16; 5076,000; 1283,900;    0,000
 778,41; 4509,000; -645,300;    0,000
 778,66; 4259,000;  291,600;    0,000
 778,91; 4194,000; -427,000;    0,000
 779,16; 3633,000; -647,600;    0,000
 779,41; 3216,000; -604,600;    0,000
 779,66; 2973,000;  -78,200;    0,000
 779,90; 2711,000; -628,400;    0,000
 780,15; 2895,000;  164,700;    0,000
 780,40; 2544,000; -439,900;    0,000
 780,65; 2796,000; -350,100;    0,000
 780,90; 2740,000; -687,900;    0,000
 781,15; 2544,000;  -51,400;    0,000
 781,39; 2571,000; -132,600;    0,000
 781,64; 2704,000; -312,600;    0,000
 781,89; 2570,000; -787,900;    0,000
 782,14; 2452,000;   33,000;    0,000
 782,39; 2562,000; -348,500;    0,000
 782,63; 2578,000; -501,300;    0,000
 782,88; 2528,000;  169,100;    0,000
 783,13; 2495,000;   18,200;    0,000
 783,38; 2196,000; -739,700;    0,000
 783,63; 2273,000; -662,100;    0,000
 783,87; 2085,000;-1008,500;    0,000
 784,12; 2350,000; -196,400;    0,000
 784,37; 2281,000; -214,600;    0,000
 784,62; 2192,000; -447,700;    0,000
 784,87; 2398,000;  747,900;    0,000
 785,11; 1981,000; -182,600;    0,000
 785,36; 2283,000; -329,700;    0,000
 785,61; 2029,000; -486,900;    0,000
 785,86; 2056,000; -773,600;    0,000
 786,10; 2267,000;  439,700;    0,000
 786,35; 1850,000; -153,700;    0,000
 786,60; 1874,000; -796,300;    0,000
 786,85; 2088,000; -243,800;    0,000
 787,09; 1962,000;  334,300;    0,000
 787,34; 1977,000; -444,800;    0,000
 787,59; 2055,000;  102,800;    0,000
 787,84; 1969,000; -231,200;    0,000
 788,08; 1894,000; -514,200;    0,000
 788,33; 1835,000; -380,600;    0,000
 788,58; 1791,000; -670,700;    0,000
 788,83; 2065,000; -652,700;    0,000
 789,07; 2491,000; -108,800;    0,000
 789,32; 3071,000; 1855,400;    0,000
 789,57; 3120,000;  293,500;    0,000
 789,81; 3061,000; -495,000;    0,000
 790,06; 3293,000;   96,600;    0,000
 790,31; 3151,000; -550,200;    0,000
 790,56; 3260,000; -364,400;    0,000
 790,80; 3792,000; -145,300;    0,000
 791,05; 3377,000; -365,800;    0,000
 791,30; 3444,000; -810,700;    0,000
 791,54; 3916,000;    4,800;    0,000
 791,79; 3806,000; -155,900;    0,000
 792,04; 3796,000; -563,900;    0,000
 792,28; 3590,000; -462,600;    0,000
 792,53; 3966,000;  -51,000;    0,000
 792,78; 4032,000;  650,200;    0,000
 793,02; 3893,000; -143,000;    0,000
 793,27; 4024,000;   55,200;    0,000
 793,52; 3911,000; -136,000;    0,000
 793,76; 3929,000;    2,100;    0,000
 794,01; 3730,000;  139,900;    0,000
 794,26; 4024,000;  -84,200;    0,000
 794,50; 3948,000;  536,800;    0,000
 794,75; 4297,000;  -67,800;    0,000
 795,00; 4277,000; -153,000;    0,000
 795,24; 4631,000; -620,500;    0,000
 795,49; 4758,000; -322,000;    0,000
 795,74; 5200,000; -491,200;    0,000
 795,98; 5881,000;  536,800;    0,000
 796,23; 5544,000; -429,000;    0,000
 796,48; 6018,000; -282,800;    0,000
 796,72; 6031,000; -691,600;    0,000
 796,97; 6002,000;  217,100;    0,000
 797,21; 6234,000; -121,200;    0,000
 797,46; 6102,000; -415,600;    0,000
 797,71; 6433,000;   28,500;    0,000
 797,95; 6370,000; -279,100;    0,000
 798,20; 6507,000;  204,400;    0,000
 798,44; 6513,000; -373,200;    0,000
 798,69; 6609,000;  180,300;    0,000
 798,94; 6473,000; -331,000;    0,000
 799,18; 6517,000; -557,800;    0,000
 799,43; 6348,000;   36,300;    0,000
 799,67; 6302,000;   76,900;    0,000
 799,92; 6613,000;   66,300;    0,000
 800,16; 6116,000; -191,000;    0,000
 800,41; 6147,000;  216,800;    0,000
 800,66; 5376,000; -807,200;    0,000
 800,90; 5883,000;  -71,400;    0,000
 801,15; 5324,000;  -21,300;    0,000
 801,39; 5606,000;  355,900;    0,000
 801,64; 5229,000; -301,100;    0,000
 801,88; 4972,000; -437,600;    0,000
 802,13; 4823,000; -191,300;    0,000
 802,38; 4628,000; -574,100;    0,000
 802,62; 4567,000; -496,900;    0,000
 802,87; 4629,000; -479,200;    0,000
 803,11; 4840,000; -404,700;    0,000
 803,36; 5154,000; -402,500;    0,000
 803,60; 5190,000; -324,500;    0,000
 803,85; 5432,000;  576,700;    0,000
 804,09; 5548,000; -237,100;    0,000
 804,34; 6118,000; -368,200;    0,000
 804,58; 6381,000; -446,900;    0,000
 804,83; 6633,000; -316,400;    0,000
 805,07; 6782,000; -713,600;    0,000
 805,32; 8056,000;  292,300;    0,000
 805,56; 8795,000;  350,800;    0,000
 805,81; 9611,000; -294,700;    0,000
 806,05;10788,000; -508,000;    0,000
 806,30;10993,000;   50,400;    0,000
 806,54;11590,000; -437,800;    0,000
 806,79;11868,000;  285,900;    0,000
 807,03;12427,000; -493,600;    0,000
 807,28;12474,000; -184,500;    0,000
 807,52;13098,000; -241,500;    0,000
 807,77;12945,000;   93,200;    0,000
 808,01;13092,000; -616,400;    0,000
 808,26;12982,000; -182,900;    0,000
 808,50;13075,000;  666,100;    0,000
 808,75;12865,000;  -54,800;    0,000
 808,99;13630,000;  309,400;    0,000
 809,23;13794,000;  103,200;    0,000
 809,48;13549,000; -245,100;    0,000
 809,72;13730,000;  -56,900;    0,000
 809,97;13754,000; -307,900;    0,000
 810,21;14211,000; -316,500;    0,000
 810,46;13675,000; -177,700;    0,000
 810,70;14557,000;  331,600;    0,000
 810,95;13751,000; -216,500;    0,000
 811,19;14319,000;  789,300;    0,000
 811,43;14239,000;  880,200;    0,000
 811,68;13530,000;  -28,200;    0,000
 811,92;14048,000;  520,600;    0,000
 812,17;13858,000;  461,700;    0,000
 812,41;13419,000; -711,500;    0,000
 812,65;13758,000;  136,100;    0,000
 812,90;13365,000; 1074,900;    0,000
 813,14;13878,000;  567,200;    0,000
 813,39;13097,000;  657,200;    0,000
 813,63;13090,000; -845,800;    0,000
 813,87;12251,000;  167,600;    0,000
 814,12;12451,000;  129,400;    0,000
 814,36;11455,000;  148,400;    0,000
 814,61;11781,000; 1703,700;    0,000
 814,85;10581,000;  -68,400;    0,000
 815,09;10566,000;  636,700;    0,000
 815,34; 9979,000; -660,400;    0,000
 815,58; 9498,000; -263,800;    0,000
 815,82; 9030,000; -141,700;    0,000
 816,07; 8205,000; -543,700;    0,000
 816,31; 7365,000; -233,100;    0,000
 816,56; 6976,000; -139,200;    0,000
 816,80; 6231,000; 1111,300;    0,000
 817,04; 5473,000; -362,500;    0,000
 817,29; 5042,000; -270,600;    0,000
 817,53; 4109,000;  -22,100;    0,000
 817,77; 3718,000;  -20,800;    0,000
 818,02; 2824,000; -400,900;    0,000
 818,26; 2264,000; -502,900;    0,000
 818,50; 1589,000;  856,900;    0,000
 818,75; 1052,000;  894,400;    0,000
 818,99;  607,000; -177,700;    0,000
 819,23;  674,000;  401,300;    0,000
 819,48;  242,000; -500,000;    0,000
 819,72;  254,000;-1002,300;    0,000
 819,96;  374,000; -281,500;    0,000
 820,20;  295,000; -623,500;    0,000
 820,45;  561,000; -579,500;    0,000
 820,69;  675,000;   35,800;    0,000
 820,93;  767,000; -218,200;    0,000
 821,18;  907,000; -241,300;    0,000
 821,42;  922,000; -354,300;    0,000
 821,66; 1008,000; -310,200;    0,000
 821,91; 1080,000;  -93,500;    0,000
 822,15; 1115,000; -370,500;    0,000
 822,39; 1032,000; -613,800;    0,000
 822,63; 1577,000; 1887,300;    0,000
 822,88; 1218,000;   35,200;    0,000
 823,12; 1366,000; -248,400;    0,000
 823,36; 1332,000;  218,500;    0,000
 823,60; 1416,000;  535,900;    0,000
 823,85; 1345,000;  -74,300;    0,000
 824,09; 1455,000;  -28,600;    0,000
 824,33; 1249,000; -340,000;    0,000
 824,57; 1074,000; -941,100;    0,000
 824,82; 1372,000;  -12,200;    0,000
 825,06; 1376,000; -168,100;    0,000
 825,30; 1234,000; -117,200;    0,000
 825,54; 1454,000;  458,000;    0,000
 825,79; 1437,000; -129,800;    0,000
 826,03; 1238,000;  483,200;    0,000
 826,27; 1240,000; -493,500;    0,000
 826,51; 1335,000; -396,500;    0,000
 826,75; 1325,000; -303,300;    0,000
 827,00; 1410,000;  476,500;    0,000
 827,24; 1491,000; -142,600;    0,000
 827,48; 1378,000;  273,100;    0,000
 827,72; 1434,000;   18,000;    0,000
 827,96; 1242,000; -412,100;    0,000
 828,21; 1381,000;  186,500;    0,000
 828,45; 1285,000;  190,500;    0,000
 828,69; 1349,000;  238,200;    0,000
 828,93; 1269,000;  138,200;    0,000
 829,17; 1217,000; -584,900;    0,000
 829,42; 1140,000; -677,600;    0,000
 829,66; 1095,000; -537,900;    0,000
 829,90; 1086,000; -433,500;    0,000
 830,14; 1131,000;  -36,800;    0,000
 830,38; 1224,000;   61,000;    0,000
 830,62;  946,000;   99,900;    0,000
 830,87; 1085,000; -605,300;    0,000
 831,11;  891,000;  528,900;    0,000
 831,35;  855,000; -646,500;    0,000
 831,59;  936,000; -220,100;    0,000
 831,83;  815,000; -100,000;    0,000
 832,07;  769,000;  534,500;    0,000
 832,31;  477,000; -910,300;    0,000
 832,56;  492,000; -247,300;    0,000
 832,80;  526,000;    8,700;    0,000
 833,04;  494,000;   45,700;    0,000
 833,28;  336,000;  -39,200;    0,000
 833,52;  353,000;  586,200;    0,000
 833,76;  116,000; -354,600;    0,000
 834,00;    9,000; -761,300;    0,000
 834,24;  229,000;   50,400;    0,000
 834,48;  208,000;  104,400;    0,000
 834,73;  384,000;   97,300;    0,000
 834,97;  598,000;  -71,700;    0,000
 835,21;  922,000;  716,500;    0,000
 835,45; 1117,000;  461,400;    0,000
 835,69; 1142,000; -358,800;    0,000
 835,93; 1570,000; 1080,400;    0,000
 836,17; 1391,000; -253,600;    0,000
 836,41; 1753,000;   27,100;    0,000
 836,65; 2318,000;  378,700;    0,000
 836,89; 2553,000;  924,600;    0,000
 837,13; 2741,000;  -37,200;    0,000
 837,37; 3222,000;  137,400;    0,000
 837,61; 3334,000;  627,700;    0,000
 837,86; 3615,000;  349,700;    0,000
 838,10; 3950,000; 1005,300;    0,000
 838,34; 3803,000;  510,000;    0,000
 838,58; 3983,000; -309,000;    0,000
 838,82; 4093,000;   22,900;    0,000
 839,06; 4189,000;  863,400;    0,000
 839,30; 4319,000;  -69,500;    0,000
 839,54; 4469,000;  370,100;    0,000
 839,78; 4530,000; -131,800;    0,000
 840,02; 4652,000; 1369,500;    0,000
 840,26; 4447,000; -159,100;    0,000
 840,50; 5209,000; 2707,000;    0,000
 840,74; 4911,000;  710,100;    0,000
 840,98; 4415,000;   42,200;    0,000
 841,22; 4926,000;  472,500;    0,000
 841,46; 4619,000;  171,500;    0,000
 841,70; 4721,000;  552,700;    0,000
 841,94; 4639,000;  -43,800;    0,000
 842,18; 4670,000; -229,400;    0,000
 842,42; 4881,000;  428,600;    0,000
 842,66; 4386,000; -169,300;    0,000
 842,90; 4698,000; -175,600;    0,000
 843,14; 4782,000;  193,500;    0,000
 843,38; 4479,000;  244,200;    0,000
 843,62; 4615,000;  106,700;    0,000
 843,86; 4309,000;  448,600;    0,000
 844,10; 4501,000;  768,400;    0,000
 844,34; 4271,000;  200,100;    0,000
 844,58; 3980,000; -282,300;    0,000
 844,82; 3997,000;  352,900;    0,000
 845,06; 3807,000;  145,200;    0,000
 845,30; 3850,000;  795,300;    0,000
 845,54; 3650,000; -102,200;    0,000
 845,78; 3640,000; -123,100;    0,000
 846,01; 3549,000; -224,800;    0,000
 846,25; 3601,000;   81,600;    0,000
 846,49; 3507,000;   77,300;    0,000
 846,73; 3485,000;  366,700;    0,000
 846,97; 3186,000; -425,700;    0,000
 847,21; 2694,000;   12,400;    0,000
 847,45; 2765,000; -170,900;    0,000
 847,69; 2457,000; -277,200;    0,000
 847,93; 2221,000;  252,100;    0,000
 848,17; 2027,000; 1239,300;    0,000
 848,41; 2003,000; -154,500;    0,000
 848,65; 1682,000;  270,800;    0,000
 848,88; 1695,000; -150,100;    0,000
 849,12; 1508,000;   86,800;    0,000
 849,36; 1226,000;  731,400;    0,000
 849,60; 1317,000; 1181,100;    0,000
 849,84; 1233,000; 2110,500;    0,000
 850,08; 1053,000; 1044,800;    0,000
 850,32;  796,000;   -8,100;    0,000
 850,56;  853,000;  171,100;    0,000
 850,80;  735,000; -235,100;    0,000
 851,03;  822,000;  154,800;    0,000
 851,27;  929,000;  376,900;    0,000
 851,51;  788,000;  -40,300;    0,000
 851,75;  917,000;    1,400;    0,000
 851,99;  889,000;  -88,400;    0,000
 852,23;  995,000;  259,700;    0,000
 852,47; 1004,000;  718,800;    0,000
 852,70;  900,000;  999,600;    0,000
 852,94;  824,000;  364,400;    0,000
 853,18;  809,000;  422,500;    0,000
 853,42;  903,000;  644,700;    0,000
 853,66;  754,000;  192,700;    0,000
 853,90;  722,000;  362,600;    0,000
 854,13;  776,000; -194,400;    0,000
 854,37; 1054,000; 1807,000;    0,000
 854,61;  826,000;   47,000;    0,000
 854,85;  955,000;  743,100;    0,000
 855,09;  795,000;  883,100;    0,000
 855,32; 1100,000; 1922,300;    0,000
 855,56;  721,000;  416,000;    0,000
 855,80;  793,000;  595,500;    0,000
 856,04;  690,000;  551,100;    0,000
 856,28;  793,000;  893,000;    0,000
 856,51;  704,000;  386,000;    0,000
 856,75;  694,000;  568,500;    0,000
 856,99;  801,000; 1377,600;    0,000
 857,23;  705,000;  928,600;    0,000
 857,47;  601,000;  401,000;    0,000
 857,70;  628,000;  750,500;    0,000
 857,94;  493,000;  702,200;    0,000
 858,18;  514,000;  718,800;    0,000
 858,42;  471,000;  933,700;    0,000
 858,65;  548,000; 1200,600;    0,000
 858,89;  432,000; 1077,700;    0,000
 859,13;  330,000;  845,800;    0,000
 859,37;  -21,000;   64,100;    0,000
 859,60;  127,000;  515,800;    0,000
 859,84;  -34,000;  270,400;    0,000
 860,08;  244,000; 1022,200;    0,000
 860,32;   79,000;  261,900;    0,000
 860,55;   89,000;  430,400;    0,000
 860,79;  218,000;  854,300;    0,000
 861,03;  215,000; 1123,300;    0,000
 861,27;   68,000;  463,800;    0,000
 861,50;  237,000;  333,700;    0,000
 861,74;  357,000; 1301,500;    0,000
 861,98;  319,000; 1223,100;    0,000
 862,21;  376,000; 1403,200;    0,000
 862,45;  254,000;  864,100;    0,000
 862,69;  269,000;  947,500;    0,000
 862,92;  204,000;  601,200;    0,000
 863,16;  340,000; 1324,400;    0,000
 863,40;  222,000;  498,100;    0,000
 863,64;  377,000; 1144,800;    0,000
 863,87;  108,000;  399,500;    0,000
 864,11;  296,000; 1137,700;    0,000
 864,35;  292,000;  952,800;    0,000
 864,58;  253,000;  875,900;    0,000
 864,82;  204,000;  605,200;    0,000
 865,06;  398,000; 1230,200;    0,000
 865,29;  382,000; 1233,800;    0,000
 865,53;  356,000; 1251,700;    0,000
 865,77;  548,000; 1662,100;    0,000
 866,00;  480,000; 1044,500;    0,000
 866,24;  501,000; 1522,900;    0,000
 866,47;  537,000; 1770,400;    0,000
 866,71;  448,000; 1182,900;    0,000
 866,95;  458,000; 1272,400;    0,000
 867,18;  444,000; 1026,800;    0,000
 867,42;  541,000; 1288,500;    0,000
 867,66;  486,000; 1106,300;    0,000
 867,89;  606,000; 1640,400;    0,000
 868,13;  627,000; 2140,300;    0,000
 868,36;  384,000; 1102,900;    0,000
 868,60;  282,000; 1112,900;    0,000
 868,84;  523,000; 1560,400;    0,000
 869,07;  511,000; 1326,800;    0,000
 869,31;  596,000; 1666,800;    0,000
 869,55;  572,000; 1492,100;    0,000
 869,78;  683,000; 1904,400;    0,000
 870,02;  659,000; 1472,800;    0,000
 870,25;  540,000; 1293,200;    0,000
 870,49;  822,000; 2377,000;    0,000
 870,72;  806,000; 2335,500;    0,000
 870,96;  613,000; 1974,400;    0,000
 871,20;  652,000; 1942,500;    0,000
 871,43;  486,000; 1313,700;    0,000
 871,67;  823,000; 2341,900;    0,000
 871,90;  491,000; 1750,700;    0,000
 872,14;  559,000; 1796,500;    0,000
 872,37;  460,000; 1918,300;    0,000
 872,61;  519,000; 1885,200;    0,000
 872,85;  711,000; 2162,800;    0,000
 873,08;  588,000; 2048,200;    0,000
 873,32;  787,000; 3160,100;    0,000
 873,55;  724,000; 3460,400;    0,000
 873,79;  647,000; 2944,000;    0,000
 874,02;  712,000; 3490,100;    0,000
 874,26;  556,000; 2987,000;    0,000
 874,49;  808,000; 3450,900;    0,000
 874,73;  658,000; 3625,400;    0,000
 874,96;  768,000; 4530,200;    0,000
 875,20;  640,000; 3755,700;    0,000
 875,43;  658,000; 3687,500;    0,000
 875,67;  784,000; 4587,500;    0,000
 875,90;  877,000; 5206,500;    0,000
 876,14; 1034,000; 5730,500;    0,000
 876,37;  844,000; 5307,900;    0,000
 876,61;  763,000; 5427,700;    0,000
 876,84;  906,000; 5722,500;    0,000
 877,08;  988,000; 5893,900;    0,000
 877,31; 1007,000; 7156,600;    0,000
 877,55; 1154,000; 7427,500;    0,000
 877,78; 1476,000; 8454,100;    0,000
 878,02; 1525,000; 9761,800;    0,000
 878,25; 1430,000; 9893,100;    0,000
 878,49; 1613,000;11550,000;    0,000
 878,72; 1779,000;12647,200;    0,000
 878,96; 2220,000;14653,700;    0,000

