Wave   ;Sample   ;Dark     ;Reference;Scope
 335,38;   59,500;   28,800;    0,000
 335,67; -202,500; -230,200;    0,000
 335,96; -651,500; -666,400;    0,000
 336,25; -323,000; -257,900;    0,000
 336,54;  449,500;  500,100;    0,000
 336,83; -294,000; -202,200;    0,000
 337,13; -428,000; -465,200;    0,000
 337,42; -121,500; -104,400;    0,000
 337,71; -383,500; -447,400;    0,000
 338,00; -229,000; -222,900;    0,000
 338,29; -193,000;  -49,600;    0,000
 338,58;  358,500;  573,100;    0,000
 338,87;  795,000; 1056,300;    0,000
 339,16; -345,500; -181,800;    0,000
 339,46;  267,500;  245,700;    0,000
 339,75;  363,000;  655,400;    0,000
 340,04;  -29,500;   92,500;    0,000
 340,33; -435,500; -334,000;    0,000
 340,62; -263,000; -201,300;    0,000
 340,91; -518,000; -548,700;    0,000
 341,20; -497,500; -447,200;    0,000
 341,49; -456,500; -507,600;    0,000
 341,78;  451,000; 1118,900;    0,000
 342,07; -119,500;  -10,300;    0,000
 342,37; -599,000; -737,000;    0,000
 342,66;  189,500;  394,600;    0,000
 342,95;  151,500;   38,500;    0,000
 343,24; -530,500; -539,300;    0,000
 343,53;  459,500;  496,100;    0,000
 343,82; -447,000; -271,000;    0,000
 344,11;  115,000;  374,600;    0,000
 344,40; -527,000; -486,200;    0,000
 344,69; -177,000; -169,000;    0,000
 344,98; -451,000; -449,200;    0,000
 345,27;   81,500;  149,800;    0,000
 345,56; -285,500; -108,700;    0,000
 345,85;  112,500;  224,400;    0,000
 346,14;   23,000;  220,600;    0,000
 346,44; -615,500; -652,700;    0,000
 346,73;  783,000; 1197,400;    0,000
 347,02;  209,500;  215,700;    0,000
 347,31;   91,500;  389,500;    0,000
 347,60; -179,500;  -91,000;    0,000
 347,89;  471,500;  747,000;    0,000
 348,18; -617,500; -567,600;    0,000
 348,47; -615,000; -563,600;    0,000
 348,76; -112,000;   98,200;    0,000
 349,05; -158,500;  169,600;    0,000
 349,34; -149,500;    8,200;    0,000
 349,63; -376,500; -242,800;    0,000
 349,92;   37,500;  156,300;    0,000
 350,21; -540,500; -360,800;    0,000
 350,50; -268,000; -222,300;    0,000
 350,79; -359,500; -194,400;    0,000
 351,08;  260,500;  501,400;    0,000
 351,37;  283,000;  568,100;    0,000
 351,66; -124,000; -104,800;    0,000
 351,95;  168,500;  522,400;    0,000
 352,24; -283,000; -132,200;    0,000
 352,53; -483,500; -266,300;    0,000
 352,82;  337,500;  605,200;    0,000
 353,11;   98,500;  412,900;    0,000
 353,40;  -95,000;   27,300;    0,000
 353,69; -660,000; -570,700;    0,000
 353,98;   69,000;  269,800;    0,000
 354,27; -556,000; -393,400;    0,000
 354,56; -583,500; -480,700;    0,000
 354,85; -483,500; -267,900;    0,000
 355,14; -703,000; -670,200;    0,000
 355,43; -512,000; -379,700;    0,000
 355,72;  -79,000;  211,800;    0,000
 356,01; -693,500; -490,700;    0,000
 356,30; -536,500; -393,300;    0,000
 356,59; -254,000;   19,900;    0,000
 356,88; -551,000; -500,500;    0,000
 357,17;  -63,000;  163,800;    0,000
 357,46;  550,500;  919,800;    0,000
 357,75; -901,000; -812,500;    0,000
 358,04;  676,000; 1075,000;    0,000
 358,33; -778,000; -665,100;    0,000
 358,62; -575,500; -482,900;    0,000
 358,91; -368,500; -186,800;    0,000
 359,20; -154,500;   74,000;    0,000
 359,49; -167,500;   -7,200;    0,000
 359,78; -515,000; -367,400;    0,000
 360,07; -556,500; -418,000;    0,000
 360,36;  743,000;  746,700;    0,000
 360,65; -252,000; -123,800;    0,000
 360,94;   16,000;  207,400;    0,000
 361,23; -155,500;   71,600;    0,000
 361,52;  491,500;  836,000;    0,000
 361,81; -457,500; -300,300;    0,000
 362,10;  255,000;  517,500;    0,000
 362,39; -293,500;  -91,800;    0,000
 362,68; -398,000; -219,200;    0,000
 362,97; -257,000;  -55,000;    0,000
 363,26; -273,000; -113,600;    0,000
 363,54; -240,500;  -50,000;    0,000
 363,83; -200,000;  -20,700;    0,000
 364,12; -572,000; -418,900;    0,000
 364,41;  173,500;  370,200;    0,000
 364,70;    5,500;  329,200;    0,000
 364,99; -506,000; -465,600;    0,000
 365,28; -285,500;  -87,100;    0,000
 365,57;   85,000;  102,700;    0,000
 365,86; -798,000; -726,200;    0,000
 366,15; -388,000; -384,200;    0,000
 366,44; -326,000; -195,100;    0,000
 366,73; -947,000;-1003,100;    0,000
 367,02; -304,000; -230,700;    0,000
 367,31; -219,000; -150,200;    0,000
 367,59; -393,500; -537,800;    0,000
 367,88; -553,000; -472,000;    0,000
 368,17; -474,500; -343,600;    0,000
 368,46; -137,000;  -65,500;    0,000
 368,75; -223,000; -117,300;    0,000
 369,04; -650,000; -652,900;    0,000
 369,33; -141,000; -188,600;    0,000
 369,62;   15,000;  111,000;    0,000
 369,91;  -63,500;   70,700;    0,000
 370,20; -286,500; -320,300;    0,000
 370,48;  254,000;  336,200;    0,000
 370,77;   73,500;  142,200;    0,000
 371,06; -667,500; -634,200;    0,000
 371,35;  233,500;  364,500;    0,000
 371,64; -673,000; -600,800;    0,000
 371,93;  388,000;  585,900;    0,000
 372,22;  -13,000;  235,900;    0,000
 372,51; -514,000; -474,900;    0,000
 372,79; -469,000; -530,300;    0,000
 373,08; -103,500;   58,500;    0,000
 373,37; -294,000; -221,600;    0,000
 373,66; -388,500; -374,100;    0,000
 373,95; -549,500; -491,800;    0,000
 374,24; -372,500; -344,300;    0,000
 374,53; -360,500; -279,900;    0,000
 374,81; -349,000; -251,300;    0,000
 375,10;  -32,000;  257,600;    0,000
 375,39; -163,000; -126,300;    0,000
 375,68; -377,000; -444,400;    0,000
 375,97; -564,500; -569,100;    0,000
 376,26; -808,500; -959,900;    0,000
 376,55; -324,000; -252,900;    0,000
 376,83; -654,000; -714,700;    0,000
 377,12; -285,500; -325,700;    0,000
 377,41; -801,000; -902,800;    0,000
 377,70; -376,000; -417,900;    0,000
 377,99;  195,500;  431,700;    0,000
 378,28;  -40,000;  161,700;    0,000
 378,56; -284,500; -177,500;    0,000
 378,85; -498,500; -521,100;    0,000
 379,14; -788,000; -833,500;    0,000
 379,43; -408,000; -448,400;    0,000
 379,72; -860,000; -940,200;    0,000
 380,01; -249,000; -208,400;    0,000
 380,29;   88,000;  283,800;    0,000
 380,58;    6,000;   28,500;    0,000
 380,87;   -8,000;  185,900;    0,000
 381,16; -259,000; -310,900;    0,000
 381,45; -403,500; -414,600;    0,000
 381,73; -650,000; -723,200;    0,000
 382,02;  237,000;  502,400;    0,000
 382,31; -191,000; -173,100;    0,000
 382,60;  -82,500;  -74,300;    0,000
 382,89; -328,500; -297,500;    0,000
 383,17;  -34,500;  -45,700;    0,000
 383,46; -247,500; -269,800;    0,000
 383,75;  339,000;  596,600;    0,000
 384,04;  269,500;  363,600;    0,000
 384,33; -798,000; -826,300;    0,000
 384,61; -167,500; -180,100;    0,000
 384,90; -475,500; -545,300;    0,000
 385,19; -338,500; -345,000;    0,000
 385,48;  -69,000;   88,300;    0,000
 385,76; -371,000; -354,900;    0,000
 386,05; -564,500; -630,400;    0,000
 386,34;  218,500;  463,700;    0,000
 386,63; -181,000;  -76,700;    0,000
 386,92; -716,500; -949,100;    0,000
 387,20; -572,000; -593,800;    0,000
 387,49;  124,500;  123,900;    0,000
 387,78; -358,500; -338,800;    0,000
 388,07;   78,500;  183,700;    0,000
 388,35; -243,000; -280,400;    0,000
 388,64;   47,000;  180,900;    0,000
 388,93; -693,500; -747,000;    0,000
 389,22;  460,000;  503,100;    0,000
 389,50;  295,500;  414,700;    0,000
 389,79; -662,500; -809,700;    0,000
 390,08; -426,500; -579,400;    0,000
 390,37;  106,500;  175,900;    0,000
 390,65; -413,500; -425,600;    0,000
 390,94; -491,000; -540,300;    0,000
 391,23;   -6,000;  237,000;    0,000
 391,52; -105,000;  219,900;    0,000
 391,80; -454,500; -413,900;    0,000
 392,09;  115,000;   92,600;    0,000
 392,38;  -84,000;  -61,500;    0,000
 392,66; -282,000; -378,800;    0,000
 392,95;    4,000;   75,900;    0,000
 393,24;  330,500;  358,100;    0,000
 393,53;  -39,500;    5,000;    0,000
 393,81; -110,000; -103,000;    0,000
 394,10; -351,000; -390,200;    0,000
 394,39; -278,000; -402,900;    0,000
 394,67; -412,500; -430,000;    0,000
 394,96; -680,000; -832,100;    0,000
 395,25;  195,000;  131,400;    0,000
 395,54;  331,500;  450,100;    0,000
 395,82; -410,500; -510,900;    0,000
 396,11;  534,500;  616,100;    0,000
 396,40;  -13,500;   -6,200;    0,000
 396,68;   46,500;   53,600;    0,000
 396,97;  215,000;   33,200;    0,000
 397,26;  198,000;  216,900;    0,000
 397,54; -618,500; -702,200;    0,000
 397,83; -769,000; -936,100;    0,000
 398,12;   99,500;   76,900;    0,000
 398,40; -429,500; -463,400;    0,000
 398,69; -535,000; -543,100;    0,000
 398,98; -367,000; -475,900;    0,000
 399,26; -228,000; -281,000;    0,000
 399,55; -754,000; -849,000;    0,000
 399,84; -768,500; -867,300;    0,000
 400,12; -310,500; -333,900;    0,000
 400,41;  -11,500;   57,400;    0,000
 400,70; -524,000; -581,900;    0,000
 400,98; -111,500;  -18,900;    0,000
 401,27; -710,500; -854,500;    0,000
 401,56; -279,000; -242,200;    0,000
 401,84; -101,500;  -76,300;    0,000
 402,13; -317,500; -237,500;    0,000
 402,42; -334,000; -354,900;    0,000
 402,70; -271,000; -179,200;    0,000
 402,99; -123,500; -148,100;    0,000
 403,28; -499,500; -781,400;    0,000
 403,56; -540,000; -527,900;    0,000
 403,85;  350,000;  521,500;    0,000
 404,14; -649,500; -736,100;    0,000
 404,42; -787,500; -793,700;    0,000
 404,71; -209,500; -264,400;    0,000
 404,99; -928,000;-1016,300;    0,000
 405,28; -336,000; -408,200;    0,000
 405,57; -614,500; -650,300;    0,000
 405,85; -482,500; -486,500;    0,000
 406,14; -454,500; -414,700;    0,000
 406,43; -136,000; -260,700;    0,000
 406,71; -344,500; -365,900;    0,000
 407,00; 1525,000; 1716,800;    0,000
 407,28; -633,000; -667,300;    0,000
 407,57; -421,500; -514,500;    0,000
 407,86; -161,000; -185,000;    0,000
 408,14;   34,500;  224,200;    0,000
 408,43; -393,000; -306,500;    0,000
 408,71; -195,500; -154,500;    0,000
 409,00;   21,500;  101,000;    0,000
 409,29;   20,500;  126,600;    0,000
 409,57; -472,500; -423,400;    0,000
 409,86; -327,500; -397,700;    0,000
 410,14; -477,500; -541,700;    0,000
 410,43; -242,500; -321,700;    0,000
 410,72;   23,500;   73,900;    0,000
 411,00;  465,000;  571,500;    0,000
 411,29;  288,500;  378,100;    0,000
 411,57; -400,000; -493,900;    0,000
 411,86; -496,000; -602,400;    0,000
 412,15; -500,000; -633,800;    0,000
 412,43; -671,500; -780,600;    0,000
 412,72; -139,000; -130,000;    0,000
 413,00; -360,000; -317,300;    0,000
 413,29; -560,000; -698,900;    0,000
 413,57; -424,000; -492,500;    0,000
 413,86; -310,500; -394,400;    0,000
 414,15; -424,000; -461,900;    0,000
 414,43; -300,000; -356,300;    0,000
 414,72; -283,500; -369,500;    0,000
 415,00; -543,000; -733,700;    0,000
 415,29; -155,000;  -81,300;    0,000
 415,57; -105,000; -173,500;    0,000
 415,86; -600,000; -570,000;    0,000
 416,14; -692,500; -860,100;    0,000
 416,43;  -12,000;   56,000;    0,000
 416,71;  -20,500; -142,300;    0,000
 417,00; -584,000; -658,900;    0,000
 417,29; -805,000; -985,800;    0,000
 417,57; -321,000; -271,300;    0,000
 417,86;   85,000;  -41,200;    0,000
 418,14; -496,000; -535,400;    0,000
 418,43; -430,000; -531,700;    0,000
 418,71;  497,500;  530,600;    0,000
 419,00; -478,500; -645,000;    0,000
 419,28; -765,000; -879,400;    0,000
 419,57; -408,000; -443,900;    0,000
 419,85;   49,000;  154,400;    0,000
 420,14;  104,000;  503,700;    0,000
 420,42; -704,000; -732,900;    0,000
 420,71;  205,500;  258,000;    0,000
 420,99; -144,000; -256,600;    0,000
 421,28;  213,500;  306,200;    0,000
 421,56; -494,000; -571,300;    0,000
 421,85; -463,000; -605,000;    0,000
 422,13;  803,000; 1167,200;    0,000
 422,42; -205,000; -336,800;    0,000
 422,70; -697,000; -800,600;    0,000
 422,99; -492,000; -623,900;    0,000
 423,27; -371,500; -414,100;    0,000
 423,56; -263,500; -317,200;    0,000
 423,84; -492,500; -621,500;    0,000
 424,13; -552,500; -687,500;    0,000
 424,41; -370,000; -307,900;    0,000
 424,70; -313,500; -386,200;    0,000
 424,98; -436,500; -506,300;    0,000
 425,27;  309,000;  269,600;    0,000
 425,55; -918,000;-1062,000;    0,000
 425,84;  133,000;  126,100;    0,000
 426,12; -714,500; -813,100;    0,000
 426,40; -747,500; -953,300;    0,000
 426,69; -119,000;  -97,900;    0,000
 426,97;  510,000;  594,200;    0,000
 427,26; -469,000; -535,000;    0,000
 427,54; -632,000; -799,700;    0,000
 427,83; -538,500; -538,600;    0,000
 428,11; -323,500; -418,800;    0,000
 428,40; -400,500; -748,900;    0,000
 428,68; -157,500; -224,900;    0,000
 428,97;  773,000;  973,700;    0,000
 429,25;    6,500;  -20,300;    0,000
 429,53; -347,500; -324,800;    0,000
 429,82;  -73,000;  -75,000;    0,000
 430,10; -669,500; -680,700;    0,000
 430,39; -325,500; -306,000;    0,000
 430,67;   -4,500;   39,200;    0,000
 430,96; -597,500; -746,300;    0,000
 431,24;  316,000;  435,500;    0,000
 431,52;  425,500;  460,700;    0,000
 431,81;   19,500;   87,100;    0,000
 432,09; -350,000; -343,200;    0,000
 432,38; -214,500; -110,400;    0,000
 432,66; -329,000; -363,900;    0,000
 432,95; -148,000; -106,500;    0,000
 433,23; -177,000; -219,700;    0,000
 433,51; -793,500; -916,400;    0,000
 433,80; -119,500; -220,600;    0,000
 434,08;  -21,500;  113,300;    0,000
 434,37; -176,000; -173,800;    0,000
 434,65; -499,500; -536,900;    0,000
 434,93;  219,500;  273,500;    0,000
 435,22; -880,500; -957,000;    0,000
 435,50; -147,500; -183,600;    0,000
 435,78; -601,000; -688,600;    0,000
 436,07; -463,500; -669,300;    0,000
 436,35;   81,000;  135,100;    0,000
 436,64; -180,500; -321,000;    0,000
 436,92; -260,500; -315,500;    0,000
 437,20;  -66,500; -191,200;    0,000
 437,49; -358,500; -414,600;    0,000
 437,77; -172,500; -344,500;    0,000
 438,06;    4,000;  107,100;    0,000
 438,34; -701,500; -956,300;    0,000
 438,62; -282,000; -340,000;    0,000
 438,91; -418,000; -567,800;    0,000
 439,19; -214,000; -298,800;    0,000
 439,47; -458,000; -642,300;    0,000
 439,76;   -9,500;  -19,200;    0,000
 440,04; -426,000; -570,700;    0,000
 440,32; -261,500; -330,500;    0,000
 440,61; -634,000; -793,000;    0,000
 440,89;   -1,000;   82,800;    0,000
 441,17;  278,500;  270,000;    0,000
 441,46; -337,500; -377,300;    0,000
 441,74; -582,500; -762,700;    0,000
 442,02; -474,500; -569,000;    0,000
 442,31;  379,500;  453,100;    0,000
 442,59; -304,500; -261,800;    0,000
 442,87; -424,000; -610,200;    0,000
 443,16; -673,000; -811,300;    0,000
 443,44; -304,000; -117,500;    0,000
 443,72; -217,000; -304,500;    0,000
 444,01; -241,500; -384,000;    0,000
 444,29; -428,500; -556,600;    0,000
 444,57; -121,500; -155,500;    0,000
 444,86;  450,500;  416,800;    0,000
 445,14;  -47,500;  -99,500;    0,000
 445,42;  -12,500;   -2,400;    0,000
 445,71; -244,500; -358,700;    0,000
 445,99; -342,500; -404,100;    0,000
 446,27; -545,500; -755,500;    0,000
 446,56; -532,500; -615,300;    0,000
 446,84; -622,000; -754,600;    0,000
 447,12; -859,000; -974,400;    0,000
 447,40; -532,500; -732,700;    0,000
 447,69; -236,500; -196,400;    0,000
 447,97;   -5,000;   -5,500;    0,000
 448,25;  222,000;  344,500;    0,000
 448,54; -592,500; -880,800;    0,000
 448,82; -742,000; -888,800;    0,000
 449,10; -417,000; -513,200;    0,000
 449,38; -397,500; -556,500;    0,000
 449,67; -197,000; -264,100;    0,000
 449,95;  433,000;  496,000;    0,000
 450,23; -683,000; -670,700;    0,000
 450,52;  332,500;  488,800;    0,000
 450,80; -639,000; -777,600;    0,000
 451,08; -665,000; -733,900;    0,000
 451,36;  267,500;  272,900;    0,000
 451,65; -216,000; -310,200;    0,000
 451,93; -289,500; -358,100;    0,000
 452,21;  881,000; 1023,300;    0,000
 452,49; -581,500; -730,300;    0,000
 452,78; -219,000; -245,500;    0,000
 453,06; -343,000; -519,900;    0,000
 453,34; -601,500; -755,800;    0,000
 453,62; -332,500; -336,600;    0,000
 453,91; -519,500; -604,700;    0,000
 454,19; 1251,500; 1589,500;    0,000
 454,47;  471,500;  628,100;    0,000
 454,75; -466,500; -688,600;    0,000
 455,04;   50,000;   -8,600;    0,000
 455,32; -121,500; -253,300;    0,000
 455,60; -155,000; -229,400;    0,000
 455,88;  117,500;  124,500;    0,000
 456,16;  437,000;  687,500;    0,000
 456,45; -151,000; -359,400;    0,000
 456,73; -467,500; -530,800;    0,000
 457,01; -621,500; -823,800;    0,000
 457,29;  182,000;  255,700;    0,000
 457,58; -339,500; -619,100;    0,000
 457,86; -837,000; -974,700;    0,000
 458,14; -595,000; -787,200;    0,000
 458,42; -643,500; -804,700;    0,000
 458,70;  196,000;  195,100;    0,000
 458,99; -628,500; -712,700;    0,000
 459,27; -790,500; -948,000;    0,000
 459,55; -629,000; -675,800;    0,000
 459,83;  695,000;  860,500;    0,000
 460,11;  674,500;  814,100;    0,000
 460,40; -701,500; -957,300;    0,000
 460,68; -668,000; -804,200;    0,000
 460,96;  692,500;  899,500;    0,000
 461,24; -181,500; -226,400;    0,000
 461,52;  247,500;  242,400;    0,000
 461,80; -578,500; -603,500;    0,000
 462,09; -533,000; -654,300;    0,000
 462,37; -382,500; -385,900;    0,000
 462,65; -523,500; -719,600;    0,000
 462,93; -193,000;   12,800;    0,000
 463,21; -339,000; -532,100;    0,000
 463,49;  107,000;   39,800;    0,000
 463,78;  128,500;  146,100;    0,000
 464,06; -219,500; -254,600;    0,000
 464,34; -336,500; -562,100;    0,000
 464,62; -272,000; -250,900;    0,000
 464,90;  593,500;  590,200;    0,000
 465,18; -616,500; -721,600;    0,000
 465,47; -260,500; -382,500;    0,000
 465,75; -345,000; -285,000;    0,000
 466,03;   76,000;   52,200;    0,000
 466,31;  128,000;  170,800;    0,000
 466,59;  -16,000;  -53,700;    0,000
 466,87;   96,000;  128,200;    0,000
 467,15; -488,500; -654,800;    0,000
 467,43; -425,000; -414,400;    0,000
 467,72; -347,000; -398,200;    0,000
 468,00; -454,000; -453,700;    0,000
 468,28; -515,000; -844,500;    0,000
 468,56; -190,000; -138,600;    0,000
 468,84; -457,500; -542,100;    0,000
 469,12; -872,000;-1021,800;    0,000
 469,40; -392,000; -561,000;    0,000
 469,68; -405,500; -433,900;    0,000
 469,97;  -69,000;  -98,900;    0,000
 470,25; -831,500; -934,200;    0,000
 470,53;   97,000;   82,500;    0,000
 470,81;  386,500;  683,900;    0,000
 471,09;  -63,500;  -86,800;    0,000
 471,37;  -33,000;  -19,400;    0,000
 471,65; -573,000; -552,000;    0,000
 471,93; -492,500; -499,700;    0,000
 472,21; -303,000; -426,400;    0,000
 472,49; -283,500; -221,400;    0,000
 472,77;   10,500;  -70,500;    0,000
 473,06; -721,000; -900,300;    0,000
 473,34; -292,000; -429,000;    0,000
 473,62;  104,000;  218,200;    0,000
 473,90;  373,500;  428,800;    0,000
 474,18; -254,500; -246,200;    0,000
 474,46;  -92,500;   26,700;    0,000
 474,74; -151,000; -170,300;    0,000
 475,02;  656,000;  763,000;    0,000
 475,30; 1070,000; 1321,200;    0,000
 475,58; -821,500; -985,600;    0,000
 475,86; -433,000; -463,300;    0,000
 476,14; -596,500; -788,100;    0,000
 476,42; -256,500; -143,500;    0,000
 476,70;  289,000;  397,200;    0,000
 476,98;  340,500;  508,700;    0,000
 477,27;  114,500;   55,000;    0,000
 477,55; -661,000; -639,400;    0,000
 477,83; -309,000; -340,300;    0,000
 478,11; -706,000; -817,400;    0,000
 478,39;  202,500;  290,400;    0,000
 478,67;  506,500;  845,900;    0,000
 478,95;  358,500;  357,200;    0,000
 479,23; -322,000; -487,200;    0,000
 479,51; -218,000; -310,600;    0,000
 479,79;  188,500;  366,800;    0,000
 480,07; -530,000; -721,700;    0,000
 480,35; -251,500; -297,100;    0,000
 480,63; -400,000; -509,700;    0,000
 480,91; -384,500; -405,200;    0,000
 481,19;  105,000;   80,000;    0,000
 481,47; -433,500; -639,800;    0,000
 481,75; 4418,000; 3113,900;    0,000
 482,03; -585,000; -706,000;    0,000
 482,31; -213,000; -341,300;    0,000
 482,59; -260,000; -289,200;    0,000
 482,87;   54,500;  105,100;    0,000
 483,15; -492,000; -548,500;    0,000
 483,43; -161,500; -187,900;    0,000
 483,71; -638,000; -709,300;    0,000
 483,99;  577,000;  699,800;    0,000
 484,27;  277,500;  352,900;    0,000
 484,55; -485,000; -594,400;    0,000
 484,83; -523,500; -431,700;    0,000
 485,11;  -43,000;  -90,600;    0,000
 485,39; -511,500; -572,900;    0,000
 485,67;  470,000;  603,500;    0,000
 485,95;   84,000;  202,900;    0,000
 486,23;  422,500;  480,300;    0,000
 486,51; -846,500; -948,400;    0,000
 486,79;   -8,000;  -48,900;    0,000
 487,07;  620,500;  783,000;    0,000
 487,35; -813,000;-1137,100;    0,000
 487,63;  477,500;  693,800;    0,000
 487,91;  115,000;  190,300;    0,000
 488,18; -372,000; -474,500;    0,000
 488,46;  -79,000; -180,900;    0,000
 488,74; -645,000; -737,600;    0,000
 489,02; -744,000; -894,700;    0,000
 489,30;  485,000;  856,900;    0,000
 489,58; -172,000; -264,700;    0,000
 489,86; -413,500; -497,500;    0,000
 490,14; -521,500; -606,500;    0,000
 490,42; -614,000; -722,500;    0,000
 490,70;   13,500;   22,300;    0,000
 490,98; -463,500; -414,000;    0,000
 491,26; -648,000; -617,700;    0,000
 491,54; -129,500; -100,800;    0,000
 491,82;  236,000;  316,200;    0,000
 492,10;   24,000; -154,800;    0,000
 492,37;  368,500;  408,800;    0,000
 492,65; -485,500; -514,200;    0,000
 492,93; -676,500; -792,600;    0,000
 493,21; -322,000; -297,000;    0,000
 493,49;  -94,000;  -60,900;    0,000
 493,77; -677,500; -759,000;    0,000
 494,05; -555,000; -627,900;    0,000
 494,33; -515,000; -462,100;    0,000
 494,61; -340,000; -387,300;    0,000
 494,89;  -64,000;  106,000;    0,000
 495,16; -182,500; -164,400;    0,000
 495,44; -453,000; -454,500;    0,000
 495,72;  481,500;  761,700;    0,000
 496,00; -710,500; -706,500;    0,000
 496,28; -451,000; -419,200;    0,000
 496,56; -748,000; -736,100;    0,000
 496,84; -608,500; -623,800;    0,000
 497,12; -757,000; -787,600;    0,000
 497,40;  234,500;  459,600;    0,000
 497,67;  108,000;  339,000;    0,000
 497,95; -654,000; -697,600;    0,000
 498,23;  542,000;  811,600;    0,000
 498,51; -494,500; -508,000;    0,000
 498,79; -560,500; -456,500;    0,000
 499,07;  276,000;  388,400;    0,000
 499,35;  154,500;  444,700;    0,000
 499,62; -160,000; -161,900;    0,000
 499,90;  -36,000;  117,500;    0,000
 500,18;  637,500;  216,300;    0,000
 500,46; -862,000; -736,500;    0,000
 500,74; -164,000;  -74,100;    0,000
 501,02; -517,000; -429,000;    0,000
 501,30; -228,000; -139,300;    0,000
 501,57;   -9,000;  516,300;    0,000
 501,85; -124,000;  134,100;    0,000
 502,13; -186,000;   70,600;    0,000
 502,41; -433,500; -400,100;    0,000
 502,69; -482,500; -261,300;    0,000
 502,96; 1060,500; 1538,900;    0,000
 503,24;  -30,000;  365,900;    0,000
 503,52; -361,000; -119,500;    0,000
 503,80; -505,500; -210,100;    0,000
 504,08; -694,500; -547,600;    0,000
 504,36; -812,500; -507,300;    0,000
 504,63;  122,000;  456,800;    0,000
 504,91; -265,500;  239,800;    0,000
 505,19;  127,500;  531,600;    0,000
 505,47; -179,000;  282,800;    0,000
 505,75; -149,000;  199,600;    0,000
 506,02; -475,000;    1,600;    0,000
 506,30;   -4,500;  615,200;    0,000
 506,58; -469,000;   28,100;    0,000
 506,86;  457,500; 1053,000;    0,000
 507,14;  238,500;  938,800;    0,000
 507,41; -761,500; -212,600;    0,000
 507,69; -410,000;  233,500;    0,000
 507,97;  106,500;  860,500;    0,000
 508,25; -428,000;  273,400;    0,000
 508,52; -556,000;  148,400;    0,000
 508,80; -213,500;  687,100;    0,000
 509,08;  425,000; 1550,700;    0,000
 509,36; -263,500;  756,300;    0,000
 509,64; -700,000;  180,000;    0,000
 509,91; -551,000;  456,500;    0,000
 510,19; -332,000;  703,900;    0,000
 510,47; -624,500;  513,500;    0,000
 510,75; -110,000; 1156,300;    0,000
 511,02; -146,000; 1283,900;    0,000
 511,30;  631,500; 2376,100;    0,000
 511,58;  -86,000; 1374,500;    0,000
 511,86;    7,000; 1559,800;    0,000
 512,13;   56,500; 1843,100;    0,000
 512,41;  807,000; 2656,200;    0,000
 512,69;  447,000; 2448,600;    0,000
 512,97;  159,000; 2264,000;    0,000
 513,24;  -13,000; 2091,700;    0,000
 513,52; -179,000; 1793,100;    0,000
 513,80;  580,500; 2991,800;    0,000
 514,07;  178,500; 2713,700;    0,000
 514,35;  115,500; 2679,500;    0,000
 514,63; -136,500; 2343,900;    0,000
 514,91;   36,000; 2674,500;    0,000
 515,18;  -95,500; 2714,900;    0,000
 515,46;  667,500; 3847,400;    0,000
 515,74;  118,000; 3272,900;    0,000
 516,01;  735,000; 4409,300;    0,000
 516,29;  970,000; 4952,000;    0,000
 516,57;   96,500; 3776,000;    0,000
 516,85;   -2,500; 3761,600;    0,000
 517,12; -179,000; 3861,500;    0,000
 517,40;  169,500; 4444,400;    0,000
 517,68;  136,000; 4509,100;    0,000
 517,95;  695,500; 5313,900;    0,000
 518,23;  537,000; 5641,700;    0,000
 518,51;  956,500; 6147,700;    0,000
 518,78;   86,000; 5418,700;    0,000
 519,06;  985,000; 6688,300;    0,000
 519,34;  971,000; 7071,800;    0,000
 519,61;  210,500; 6126,100;    0,000
 519,89;  420,500; 6965,500;    0,000
 520,17;  878,000; 7597,000;    0,000
 520,44; 1073,500; 8301,700;    0,000
 520,72; 1128,500; 8449,900;    0,000
 521,00;  792,500; 8459,300;    0,000
 521,27;  922,500; 9044,400;    0,000
 521,55; 1100,000; 9640,800;    0,000
 521,83; 2237,500;11201,600;    0,000
 522,10; 2613,500;10641,700;    0,000
 522,38; 1185,000;10761,000;    0,000
 522,66;  383,500;10207,600;    0,000
 522,93;  846,000;11114,300;    0,000
 523,21;  738,000;11711,200;    0,000
 523,49;  814,500;11754,600;    0,000
 523,76; 1179,500;12826,800;    0,000
 524,04; 1220,000;13406,000;    0,000
 524,32;  887,500;13543,400;    0,000
 524,59; 1928,000;15112,400;    0,000
 524,87; 1389,500;15253,900;    0,000
 525,14; 2207,500;16868,400;    0,000
 525,42; 1231,500;16039,800;    0,000
 525,70; 1971,000;17283,199;    0,000
 525,97; 2378,500;18680,900;    0,000
 526,25; 2060,500;18773,600;    0,000
 526,52; 1977,000;19217,301;    0,000
 526,80; 2015,500;19819,801;    0,000
 527,08; 1993,500;20698,199;    0,000
 527,35; 1793,500;21093,500;    0,000
 527,63; 2955,500;23168,801;    0,000
 527,91; 2133,500;23039,900;    0,000
 528,18; 2231,000;23777,600;    0,000
 528,46; 2230,500;24377,600;    0,000
 528,73; 2357,000;25470,699;    0,000
 529,01; 2713,000;26645,801;    0,000
 529,28; 2196,000;27044,699;    0,000
 529,56; 3166,500;28873,801;    0,000
 529,84; 2982,500;29689,400;    0,000
 530,11; 2614,500;29824,199;    0,000
 530,39; 3032,000;31255,500;    0,000
 530,66; 2801,000;32119,801;    0,000
 530,94; 2924,500;33280,199;    0,000
 531,22; 2735,500;34168,801;    0,000
 531,49; 3324,500;35731,102;    0,000
 531,77; 3498,000;36637,500;    0,000
 532,04; 3622,000;38177,199;    0,000
 532,32; 3571,500;39223,398;    0,000
 532,59; 3171,000;39853,398;    0,000
 532,87; 3754,500;41474,301;    0,000
 533,14; 3877,000;42684,102;    0,000
 533,42; 3745,000;43903,602;    0,000
 533,70; 3767,000;44957,301;    0,000
 533,97; 4120,500;46357,898;    0,000
 534,25; 3954,500;47585,398;    0,000
 534,52; 4480,500;49170,801;    0,000
 534,80; 4599,500;50903,301;    0,000
 535,07; 5588,500;52664,000;    0,000
 535,35; 4901,500;53380,602;    0,000
 535,62; 5037,000;54923,102;    0,000
 535,90; 4674,500;55666,898;    0,000
 536,17; 5638,000;58219,500;    0,000
 536,45; 4782,500;58571,602;    0,000
 536,72; 5167,000;60280,602;    0,000
 537,00; 5979,000;61783,500;    0,000
 537,27; 6624,000;63138,898;    0,000
 537,55; 5940,500;63066,602;    0,000
 537,82; 6138,000;63167,301;    0,000
 538,10; 6581,500;63127,602;    0,000
 538,37; 6594,500;63167,301;    0,000
 538,65; 5976,000;63127,602;    0,000
 538,92; 7381,000;63167,301;    0,000
 539,20; 7510,500;63127,602;    0,000
 539,47; 7561,500;63167,301;    0,000
 539,75; 7049,500;63127,602;    0,000
 540,02; 7578,000;63167,301;    0,000
 540,30; 7868,500;63127,602;    0,000
 540,57; 8196,000;63167,301;    0,000
 540,85; 8214,000;63127,602;    0,000
 541,12; 7900,500;63167,301;    0,000
 541,40; 8134,000;63127,602;    0,000
 541,67; 8782,000;63167,301;    0,000
 541,95; 9184,000;63127,602;    0,000
 542,22;10893,000;63167,301;    0,000
 542,50; 9142,500;63127,602;    0,000
 542,77; 9491,000;63167,301;    0,000
 543,05; 9491,000;63127,602;    0,000
 543,32;10072,000;63167,301;    0,000
 543,60; 9468,500;63127,602;    0,000
 543,87; 9873,500;63167,301;    0,000
 544,14;10400,500;63127,602;    0,000
 544,42;10770,500;63167,301;    0,000
 544,69;11940,000;63127,602;    0,000
 544,97;11040,000;63167,301;    0,000
 545,24;10820,000;63127,602;    0,000
 545,52;11804,000;63167,301;    0,000
 545,79;11801,500;63127,602;    0,000
 546,07;12128,000;63167,301;    0,000
 546,34;11755,000;63127,602;    0,000
 546,61;12949,000;63167,301;    0,000
 546,89;12261,000;63127,602;    0,000
 547,16;13378,500;63167,301;    0,000
 547,44;12419,000;63127,602;    0,000
 547,71;12827,500;63167,301;    0,000
 547,98;12740,500;63127,602;    0,000
 548,26;13224,500;63167,301;    0,000
 548,53;13397,500;63127,602;    0,000
 548,81;14246,500;63167,301;    0,000
 549,08;13799,000;63127,602;    0,000
 549,36;14554,000;63167,301;    0,000
 549,63;14842,500;63127,602;    0,000
 549,90;14889,000;63167,301;    0,000
 550,18;14279,500;63127,602;    0,000
 550,45;14776,500;63167,301;    0,000
 550,72;14852,500;63127,602;    0,000
 551,00;16330,000;63167,301;    0,000
 551,27;15830,500;63127,602;    0,000
 551,55;15519,500;63167,301;    0,000
 551,82;15732,500;63127,602;    0,000
 552,09;16169,500;63167,301;    0,000
 552,37;16470,000;63127,602;    0,000
 552,64;16710,000;63167,301;    0,000
 552,91;16634,000;63127,602;    0,000
 553,19;17189,000;63167,301;    0,000
 553,46;16611,000;63127,602;    0,000
 553,74;17527,000;63167,301;    0,000
 554,01;17112,000;63127,602;    0,000
 554,28;17420,000;63167,301;    0,000
 554,56;17329,000;63127,602;    0,000
 554,83;17784,500;63167,301;    0,000
 555,10;18667,500;63127,602;    0,000
 555,38;18407,000;63167,301;    0,000
 555,65;18000,000;63127,602;    0,000
 555,92;19031,500;63167,301;    0,000
 556,20;18078,500;63127,602;    0,000
 556,47;18402,500;63167,301;    0,000
 556,74;17834,500;63127,602;    0,000
 557,02;18469,000;63167,301;    0,000
 557,29;18840,000;63127,602;    0,000
 557,56;18426,500;63167,301;    0,000
 557,84;18995,500;63127,602;    0,000
 558,11;18413,500;63167,301;    0,000
 558,38;18774,500;63127,602;    0,000
 558,66;19146,000;63167,301;    0,000
 558,93;19483,500;63127,602;    0,000
 559,20;19393,500;63167,301;    0,000
 559,48;19698,000;63127,602;    0,000
 559,75;19002,500;63167,301;    0,000
 560,02;19179,000;63127,602;    0,000
 560,29;20030,500;63167,301;    0,000
 560,57;18687,000;63127,602;    0,000
 560,84;19731,000;63167,301;    0,000
 561,11;19048,500;63127,602;    0,000
 561,39;19157,500;63167,301;    0,000
 561,66;19620,500;63127,602;    0,000
 561,93;18904,500;63167,301;    0,000
 562,20;18968,500;63127,602;    0,000
 562,48;19410,000;63167,301;    0,000
 562,75;19662,000;63127,602;    0,000
 563,02;19845,000;63167,301;    0,000
 563,30;19104,500;63127,602;    0,000
 563,57;18893,500;63167,301;    0,000
 563,84;20015,500;63127,602;    0,000
 564,11;18974,000;63167,301;    0,000
 564,39;19019,000;63127,602;    0,000
 564,66;18711,000;63167,301;    0,000
 564,93;18812,000;63127,602;    0,000
 565,20;18556,500;63167,301;    0,000
 565,48;18145,000;63127,602;    0,000
 565,75;24825,500;63167,301;    0,000
 566,02;17973,500;63127,602;    0,000
 566,29;19793,000;63167,301;    0,000
 566,57;18144,500;63127,602;    0,000
 566,84;17447,500;63167,301;    0,000
 567,11;17644,000;63127,602;    0,000
 567,38;17613,000;63167,301;    0,000
 567,65;17542,500;63127,602;    0,000
 567,93;17232,500;63167,301;    0,000
 568,20;16684,000;63127,602;    0,000
 568,47;17108,000;63167,301;    0,000
 568,74;16625,500;63127,602;    0,000
 569,02;16873,000;63167,301;    0,000
 569,29;17713,500;63127,602;    0,000
 569,56;16738,000;63167,301;    0,000
 569,83;16553,500;63127,602;    0,000
 570,10;16850,000;63167,301;    0,000
 570,38;15846,500;63127,602;    0,000
 570,65;15616,000;63167,301;    0,000
 570,92;15699,000;63127,602;    0,000
 571,19;15617,000;63167,301;    0,000
 571,46;15277,000;63127,602;    0,000
 571,74;14970,000;63167,301;    0,000
 572,01;16062,000;63127,602;    0,000
 572,28;16259,500;63167,301;    0,000
 572,55;14910,000;63127,602;    0,000
 572,82;15331,500;63167,301;    0,000
 573,09;14968,000;63127,602;    0,000
 573,37;14743,000;63167,301;    0,000
 573,64;14157,000;63127,602;    0,000
 573,91;14145,000;63167,301;    0,000
 574,18;13484,000;63127,602;    0,000
 574,45;13734,000;63167,301;    0,000
 574,72;13200,000;63127,602;    0,000
 575,00;13644,500;63167,301;    0,000
 575,27;12992,500;63127,602;    0,000
 575,54;13011,000;63167,301;    0,000
 575,81;13451,500;63127,602;    0,000
 576,08;12615,000;63167,301;    0,000
 576,35;12789,500;63127,602;    0,000
 576,63;13407,000;63167,301;    0,000
 576,90;12068,000;63127,602;    0,000
 577,17;12257,000;63167,301;    0,000
 577,44;12012,000;63127,602;    0,000
 577,71;12608,500;63167,301;    0,000
 577,98;12081,000;63127,602;    0,000
 578,25;11131,000;63167,301;    0,000
 578,52;10811,000;63127,602;    0,000
 578,80;11034,000;63167,301;    0,000
 579,07;11121,500;63127,602;    0,000
 579,34;10667,500;63167,301;    0,000
 579,61;11063,500;63127,602;    0,000
 579,88;10804,500;63167,301;    0,000
 580,15; 9797,000;63127,602;    0,000
 580,42;10125,500;63167,301;    0,000
 580,69; 9926,000;63127,602;    0,000
 580,96; 9655,000;63167,301;    0,000
 581,23; 9889,500;63127,602;    0,000
 581,51;10275,500;63167,301;    0,000
 581,78; 9220,000;63127,602;    0,000
 582,05;10141,000;63167,301;    0,000
 582,32; 9381,500;63127,602;    0,000
 582,59; 8978,000;63167,301;    0,000
 582,86; 9027,000;63127,602;    0,000
 583,13; 8518,000;63167,301;    0,000
 583,40; 8915,000;63127,602;    0,000
 583,67; 8153,000;63167,301;    0,000
 583,94; 8092,000;63127,602;    0,000
 584,21; 8486,500;63167,301;    0,000
 584,48; 7612,500;63127,602;    0,000
 584,75; 8034,500;63167,301;    0,000
 585,03; 8127,500;63127,602;    0,000
 585,30; 7688,000;63167,301;    0,000
 585,57; 6904,500;63127,602;    0,000
 585,84; 7953,500;63167,301;    0,000
 586,11; 6803,500;63127,602;    0,000
 586,38; 6573,500;63167,301;    0,000
 586,65; 7147,500;63127,602;    0,000
 586,92; 6251,500;63167,301;    0,000
 587,19; 7321,000;63127,602;    0,000
 587,46; 6773,000;63167,301;    0,000
 587,73; 6264,000;63127,602;    0,000
 588,00; 6688,000;63167,301;    0,000
 588,27; 5891,000;63123,898;    0,000
 588,54; 5561,500;62757,000;    0,000
 588,81; 5836,000;62646,699;    0,000
 589,08; 5289,000;61756,301;    0,000
 589,35; 5350,000;60706,602;    0,000
 589,62; 5935,500;60385,898;    0,000
 589,89; 5414,000;59329,000;    0,000
 590,16; 5431,000;58022,699;    0,000
 590,43; 5650,500;57529,898;    0,000
 590,70; 6286,000;57330,301;    0,000
 590,97; 5421,000;55502,500;    0,000
 591,24; 4952,000;54541,398;    0,000
 591,51; 4951,000;53414,602;    0,000
 591,78; 4674,500;52291,801;    0,000
 592,05; 4300,500;51138,301;    0,000
 592,32; 5916,500;52011,301;    0,000
 592,59; 4903,000;49937,301;    0,000
 592,86; 4651,500;49275,000;    0,000
 593,13; 3850,500;47284,398;    0,000
 593,40; 3668,000;46529,398;    0,000
 593,67; 4743,500;46957,898;    0,000
 593,94; 3588,500;44459,500;    0,000
 594,21; 4542,000;45089,301;    0,000
 594,48; 4494,000;44295,699;    0,000
 594,75; 3899,000;42664,699;    0,000
 595,02; 3633,500;41676,102;    0,000
 595,29; 4043,500;41435,801;    0,000
 595,56; 3403,000;40149,000;    0,000
 595,83; 3218,000;39124,801;    0,000
 596,10; 3755,500;38819,500;    0,000
 596,37; 2798,000;37373,500;    0,000
 596,63; 4650,500;38644,301;    0,000
 596,90; 3344,000;36625,699;    0,000
 597,17; 3240,000;35810,898;    0,000
 597,44; 3077,000;35013,602;    0,000
 597,71; 3260,000;34583,301;    0,000
 597,98; 3127,500;33900,801;    0,000
 598,25; 2852,000;32601,100;    0,000
 598,52; 3380,500;32634,199;    0,000
 598,79; 3193,500;31850,900;    0,000
 599,06; 2084,000;30042,801;    0,000
 599,33; 2394,500;29655,900;    0,000
 599,60; 2546,000;29462,199;    0,000
 599,87; 2712,500;28816,699;    0,000
 600,13; 2483,000;28292,199;    0,000
 600,40; 3355,000;28527,199;    0,000
 600,67; 2331,500;27125,301;    0,000
 600,94; 2261,000;26166,400;    0,000
 601,21; 2500,500;25900,600;    0,000
 601,48; 2794,500;26134,699;    0,000
 601,75; 2456,500;25100,600;    0,000
 602,02; 2354,500;24694,100;    0,000
 602,29; 1961,000;23532,801;    0,000
 602,56; 2254,000;23479,301;    0,000
 602,82; 1584,500;22236,699;    0,000
 603,09; 1714,500;22145,801;    0,000
 603,36; 1706,500;21423,000;    0,000
 603,63; 1747,500;21260,000;    0,000
 603,90; 1212,500;19984,199;    0,000
 604,17; 1566,500;20095,100;    0,000
 604,44; 1599,500;19762,600;    0,000
 604,70; 1386,500;18981,699;    0,000
 604,97; 1581,000;18932,000;    0,000
 605,24; 1753,500;18677,900;    0,000
 605,51; 1339,500;18311,801;    0,000
 605,78; 2374,000;18562,301;    0,000
 606,05;  820,500;16589,000;    0,000
 606,32; 1556,500;16978,400;    0,000
 606,58; 1025,000;16046,900;    0,000
 606,85; 3364,500;17064,801;    0,000
 607,12;  654,500;15044,100;    0,000
 607,39; 1565,500;15889,400;    0,000
 607,66; 1032,500;15000,700;    0,000
 607,93; 1100,500;14625,900;    0,000
 608,19; 1413,500;14486,400;    0,000
 608,46; 1630,000;14527,300;    0,000
 608,73;  751,000;13276,500;    0,000
 609,00; 1158,000;13381,400;    0,000
 609,27; 1603,500;13447,600;    0,000
 609,53; 1042,500;12830,500;    0,000
 609,80;  945,000;12588,100;    0,000
 610,07; 1111,500;12418,500;    0,000
 610,34;  517,000;11442,500;    0,000
 610,61;  283,500;10761,700;    0,000
 610,88;  456,500;10905,800;    0,000
 611,14; 1871,500;12050,300;    0,000
 611,41;  693,000;10563,000;    0,000
 611,68;  673,500;10329,500;    0,000
 611,95; 1232,000;10658,600;    0,000
 612,21; 1301,500;10494,400;    0,000
 612,48;  605,000; 9806,100;    0,000
 612,75;  923,500; 9908,800;    0,000
 613,02; 1256,000; 9677,000;    0,000
 613,29;  140,000; 8462,100;    0,000
 613,55;  416,000; 8708,400;    0,000
 613,82; 1164,500; 9413,800;    0,000
 614,09;  410,000; 8267,700;    0,000
 614,36; 1068,000; 8924,400;    0,000
 614,62;  548,500; 8302,100;    0,000
 614,89; 1105,000; 8423,400;    0,000
 615,16;  800,500; 8004,000;    0,000
 615,43;  295,000; 7240,000;    0,000
 615,69;  342,000; 7084,400;    0,000
 615,96;  502,500; 7020,300;    0,000
 616,23;  107,500; 6564,700;    0,000
 616,50;  610,000; 6879,800;    0,000
 616,76;  370,000; 6440,800;    0,000
 617,03;   64,000; 6116,400;    0,000
 617,30; -124,500; 5726,400;    0,000
 617,57;  164,500; 5878,900;    0,000
 617,83;   19,500; 5707,400;    0,000
 618,10;  779,000; 6388,800;    0,000
 618,37;   45,500; 5423,300;    0,000
 618,63;  289,000; 5643,000;    0,000
 618,90; -236,500; 4728,900;    0,000
 619,17;  551,500; 5577,200;    0,000
 619,44; 1004,500; 6092,700;    0,000
 619,70;  959,000; 5775,200;    0,000
 619,97; -470,000; 4122,700;    0,000
 620,24; -100,500; 4276,800;    0,000
 620,50;  211,000; 4511,200;    0,000
 620,77;  376,500; 4553,500;    0,000
 621,04;  401,500; 3902,100;    0,000
 621,30;  381,000; 4366,300;    0,000
 621,57;  -58,000; 3960,900;    0,000
 621,84;    2,500; 3931,100;    0,000
 622,11; -260,500; 3530,400;    0,000
 622,37;  530,500; 4384,200;    0,000
 622,64;   15,500; 3697,600;    0,000
 622,91; -107,000; 3401,300;    0,000
 623,17;   92,500; 3497,900;    0,000
 623,44;  144,000; 3649,300;    0,000
 623,71; -451,500; 2682,100;    0,000
 623,97; -330,000; 2807,200;    0,000
 624,24; -470,000; 2650,700;    0,000
 624,51; -426,000; 2624,400;    0,000
 624,77; -224,500; 2867,200;    0,000
 625,04; -188,500; 2618,700;    0,000
 625,30; -531,500; 2312,600;    0,000
 625,57;  688,000; 3687,900;    0,000
 625,84;  751,500; 3669,800;    0,000
 626,10;   82,500; 2755,900;    0,000
 626,37;  317,000; 2982,500;    0,000
 626,64; -188,000; 2315,800;    0,000
 626,90; -190,000; 2315,000;    0,000
 627,17; -444,500; 1813,900;    0,000
 627,44; -214,500; 2269,100;    0,000
 627,70;  723,500; 3282,200;    0,000
 627,97;  -76,500; 2355,400;    0,000
 628,23; -288,000; 1814,100;    0,000
 628,50; -686,000; 1362,200;    0,000
 628,77; -122,000; 2059,300;    0,000
 629,03; -320,000; 1846,000;    0,000
 629,30;  259,000; 2142,100;    0,000
 629,56; -559,500; 1449,300;    0,000
 629,83; -390,000; 1588,900;    0,000
 630,10; -200,000; 1784,500;    0,000
 630,36; -274,000; 1500,900;    0,000
 630,63;  704,500; 2858,900;    0,000
 630,89; -445,000; 1273,800;    0,000
 631,16; -378,500; 1363,900;    0,000
 631,43;  947,000; 2752,300;    0,000
 631,69; -372,000; 1310,400;    0,000
 631,96; -107,500; 1826,100;    0,000
 632,22; -172,000; 1400,300;    0,000
 632,49; -639,000;  789,600;    0,000
 632,75; -318,500; 1153,400;    0,000
 633,02;  -21,000; 1418,200;    0,000
 633,29;  348,500; 1872,200;    0,000
 633,55;  158,000; 1618,000;    0,000
 633,82;  105,000; 1593,800;    0,000
 634,08;  177,000; 1572,200;    0,000
 634,35;  130,500; 1598,100;    0,000
 634,61; -745,000;  366,500;    0,000
 634,88; -730,000;  452,400;    0,000
 635,14;  194,500; 1404,300;    0,000
 635,41;   39,500; 1348,300;    0,000
 635,68;  426,500; 1622,700;    0,000
 635,94;  408,000; 1521,100;    0,000
 636,21;  510,000; 1536,400;    0,000
 636,47;   -8,500; 1242,700;    0,000
 636,74;  539,500; 1809,300;    0,000
 637,00; -131,500;  916,100;    0,000
 637,27;  -33,000; 1011,000;    0,000
 637,53; -817,000;  162,300;    0,000
 637,80; -345,500;  577,000;    0,000
 638,06;  836,000; 2100,700;    0,000
 638,33;  -48,500;  944,000;    0,000
 638,59; -312,000;  611,600;    0,000
 638,86; -385,500;  620,500;    0,000
 639,12; -199,500;  790,700;    0,000
 639,39;  441,000; 1356,200;    0,000
 639,65;  273,000; 1306,700;    0,000
 639,92;   55,000;  882,200;    0,000
 640,18; -838,500;   24,200;    0,000
 640,45; 1418,500; 2494,900;    0,000
 640,71; -668,000;  177,300;    0,000
 640,98;  -96,500;  663,800;    0,000
 641,24;  -30,500;  818,700;    0,000
 641,51; -223,000;  449,500;    0,000
 641,77;   -8,500;  843,900;    0,000
 642,04;  509,000; 1490,700;    0,000
 642,30; -399,000;  361,700;    0,000
 642,57;  277,000; 1033,000;    0,000
 642,83; -492,500;  195,200;    0,000
 643,10; -136,000;  452,900;    0,000
 643,36; -827,500; -105,900;    0,000
 643,62;  737,500; 1451,100;    0,000
 643,89; -363,000;  281,400;    0,000
 644,15;  639,000; 1563,700;    0,000
 644,42;   -7,500;  730,700;    0,000
 644,68;   83,000;  777,800;    0,000
 644,95;  976,000; 2010,400;    0,000
 645,21;  459,500; 1203,000;    0,000
 645,48;  244,500;  971,500;    0,000
 645,74; -343,000;  182,500;    0,000
 646,00;  -72,500;  584,700;    0,000
 646,27;  -19,000;  490,600;    0,000
 646,53; -672,000; -233,400;    0,000
 646,80; -612,500; -234,200;    0,000
 647,06;  -10,000;  617,100;    0,000
 647,32;  380,500; 1067,000;    0,000
 647,59; -521,000;  -25,200;    0,000
 647,85; -602,000; -225,400;    0,000
 648,12; -169,000;  318,900;    0,000
 648,38;  366,000; 1019,500;    0,000
 648,65;   61,500;  630,600;    0,000
 648,91; -164,500;  263,400;    0,000
 649,17; -283,500;  227,800;    0,000
 649,44; -364,500;   55,100;    0,000
 649,70; -407,000;    1,400;    0,000
 649,96;  755,000; 1414,000;    0,000
 650,23; -667,000; -316,100;    0,000
 650,49; -210,500;  148,600;    0,000
 650,76; -384,000;  -36,800;    0,000
 651,02;  -10,500;  370,100;    0,000
 651,28; -199,500;  277,000;    0,000
 651,55; -374,500;  -44,500;    0,000
 651,81;   12,000;  389,800;    0,000
 652,07;  431,000;  923,500;    0,000
 652,34; -119,000;  292,400;    0,000
 652,60; -371,500;  -93,500;    0,000
 652,87;  271,000;  809,400;    0,000
 653,13; -527,000; -273,400;    0,000
 653,39; -229,500;  105,100;    0,000
 653,66; -463,500; -372,900;    0,000
 653,92; -294,500;  -24,400;    0,000
 654,18; -347,500;  -79,900;    0,000
 654,45;  -95,500;  325,100;    0,000
 654,71; -854,000; -670,300;    0,000
 654,97; -742,500; -495,800;    0,000
 655,24; -296,500;   84,300;    0,000
 655,50; -429,500; -164,900;    0,000
 655,76; -217,000;   56,000;    0,000
 656,03; -214,500;   98,300;    0,000
 656,29; -434,000; -128,800;    0,000
 656,55; -632,000; -520,900;    0,000
 656,81;   41,000;  476,400;    0,000
 657,08;  132,000;  487,500;    0,000
 657,34; -661,000; -457,300;    0,000
 657,60; -522,500; -272,800;    0,000
 657,87;  -33,000;  230,500;    0,000
 658,13;  495,500;  394,400;    0,000
 658,39; -435,000; -260,100;    0,000
 658,66; -607,000; -514,000;    0,000
 658,92; -376,500; -241,800;    0,000
 659,18; -640,000; -439,900;    0,000
 659,44;  316,000;  547,700;    0,000
 659,71; -664,500; -453,100;    0,000
 659,97;  312,500;  702,000;    0,000
 660,23; -420,000; -207,900;    0,000
 660,50; -317,000; -107,500;    0,000
 660,76; -536,000; -327,200;    0,000
 661,02; -116,500;  120,200;    0,000
 661,28; -146,500;  255,100;    0,000
 661,55;  -52,000;  192,200;    0,000
 661,81; -871,000; -734,700;    0,000
 662,07; -422,000; -231,900;    0,000
 662,33; -649,000; -462,800;    0,000
 662,60; -802,000; -711,100;    0,000
 662,86;  174,000;  607,200;    0,000
 663,12;  169,500;  526,200;    0,000
 663,38; -340,500; -208,300;    0,000
 663,65;  227,500;  505,400;    0,000
 663,91;  195,500;  470,000;    0,000
 664,17; -228,000;   -6,500;    0,000
 664,43; -344,000; -109,000;    0,000
 664,69; -734,500; -642,400;    0,000
 664,96; -118,000;  308,900;    0,000
 665,22; -247,500; -163,300;    0,000
 665,48; -348,000;  -62,400;    0,000
 665,74;   29,000;  314,700;    0,000
 666,01;  241,000;  586,100;    0,000
 666,27; -776,000; -604,200;    0,000
 666,53; -202,500;   27,300;    0,000
 666,79; -201,000;  -96,700;    0,000
 667,05; -812,500; -569,700;    0,000
 667,32; -558,500; -424,200;    0,000
 667,58; -128,500;  241,200;    0,000
 667,84; -333,000;  -73,800;    0,000
 668,10; -678,000; -523,500;    0,000
 668,36;  815,500; 1288,600;    0,000
 668,63; -406,000;  -92,400;    0,000
 668,89; -559,000; -321,200;    0,000
 669,15; -819,500; -703,900;    0,000
 669,41;  734,000; 1249,600;    0,000
 669,67; -472,000; -242,900;    0,000
 669,93;  131,000;  433,200;    0,000
 670,20; -248,500;  -31,500;    0,000
 670,46; -247,500;  -56,000;    0,000
 670,72;   57,000;  265,900;    0,000
 670,98;  712,000;  916,500;    0,000
 671,24;  -65,500;  257,300;    0,000
 671,50;   60,500;  816,800;    0,000
 671,76;  -82,500;  215,300;    0,000
 672,03;  450,500;  767,800;    0,000
 672,29; -234,500;  -57,700;    0,000
 672,55; -867,500; -807,200;    0,000
 672,81; -531,500; -316,400;    0,000
 673,07; -374,500; -195,700;    0,000
 673,33; -434,500; -264,200;    0,000
 673,59;   76,000;  346,900;    0,000
 673,86; -433,500; -303,000;    0,000
 674,12;  181,500;  525,400;    0,000
 674,38; -388,000;  -86,500;    0,000
 674,64;  286,500;  602,100;    0,000
 674,90; -472,000; -444,000;    0,000
 675,16;   89,500;  319,400;    0,000
 675,42;  218,000;  488,200;    0,000
 675,68;   29,000;  308,100;    0,000
 675,94; -169,500;  185,200;    0,000
 676,21; -623,000; -502,900;    0,000
 676,47; -161,000;  168,800;    0,000
 676,73; -733,000; -733,400;    0,000
 676,99; -197,000;  105,800;    0,000
 677,25;  424,000;  787,300;    0,000
 677,51; -595,500; -294,500;    0,000
 677,77;  -74,500;  284,500;    0,000
 678,03;  630,000; 1015,600;    0,000
 678,29; -702,500; -614,500;    0,000
 678,55;  -93,000;    7,500;    0,000
 678,81; -556,500; -424,000;    0,000
 679,07;   33,000;  512,100;    0,000
 679,33; -370,000; -160,500;    0,000
 679,59;  122,000;  589,800;    0,000
 679,86; -429,500; -335,200;    0,000
 680,12;-1003,000; -919,100;    0,000
 680,38; -296,500;  -81,900;    0,000
 680,64;   49,500;  408,500;    0,000
 680,90;  128,000;  367,100;    0,000
 681,16; -483,500; -230,000;    0,000
 681,42; -184,500;   40,100;    0,000
 681,68; -227,000;   38,300;    0,000
 681,94; -533,500; -359,900;    0,000
 682,20; -810,000; -758,800;    0,000
 682,46; -835,000; -710,400;    0,000
 682,72; -657,000; -471,600;    0,000
 682,98; -521,500; -429,300;    0,000
 683,24;    4,500;  297,200;    0,000
 683,50;  -69,000;  245,100;    0,000
 683,76; -265,000;  -50,400;    0,000
 684,02;   -9,500;  178,800;    0,000
 684,28; -945,500; -889,300;    0,000
 684,54; -708,000; -553,600;    0,000
 684,80; -887,500; -825,100;    0,000
 685,06; -732,500; -751,000;    0,000
 685,32; -444,500; -192,300;    0,000
 685,58; -711,000; -627,700;    0,000
 685,84; -705,000; -589,500;    0,000
 686,10;  268,000;  560,700;    0,000
 686,36; -365,000; -205,800;    0,000
 686,62; -447,500; -364,600;    0,000
 686,88; -485,000; -283,800;    0,000
 687,14; -719,500; -668,400;    0,000
 687,40; -404,000; -233,100;    0,000
 687,66; -279,500;  -85,500;    0,000
 687,92; -641,500; -397,800;    0,000
 688,18; -315,500; -171,300;    0,000
 688,44; -275,500;  -82,000;    0,000
 688,70;  -84,000;  102,700;    0,000
 688,96; -251,500; -121,100;    0,000
 689,22; -342,500; -196,900;    0,000
 689,48; -261,500; -197,800;    0,000
 689,73; -545,500; -407,000;    0,000
 689,99; -267,500;  -88,900;    0,000
 690,25; -359,500; -167,600;    0,000
 690,51; -166,000;  119,600;    0,000
 690,77; -616,500; -456,900;    0,000
 691,03; -273,500;  -16,200;    0,000
 691,29; -497,000; -472,200;    0,000
 691,55; -559,500; -478,000;    0,000
 691,81; -111,000; -108,200;    0,000
 692,07; -684,000; -459,800;    0,000
 692,33;   35,000;  259,300;    0,000
 692,59; -140,000;  223,000;    0,000
 692,85;  217,000;  367,600;    0,000
 693,10; -319,500; -166,000;    0,000
 693,36;  115,000;  399,500;    0,000
 693,62; -209,000;  -52,300;    0,000
 693,88;  -96,000;  175,000;    0,000
 694,14; -491,000; -148,000;    0,000
 694,40; -246,000;  -75,700;    0,000
 694,66; -861,000; -748,700;    0,000
 694,92; -643,500; -613,100;    0,000
 695,18; -508,500; -331,800;    0,000
 695,43; -440,500; -353,100;    0,000
 695,69;  -41,000;  284,500;    0,000
 695,95; -450,500; -321,000;    0,000
 696,21; -729,500; -595,700;    0,000
 696,47;   39,500;  447,000;    0,000
 696,73;   74,000;  427,500;    0,000
 696,99;   49,500;  304,200;    0,000
 697,25;  147,000;  476,800;    0,000
 697,50; -431,000; -312,600;    0,000
 697,76; -479,000; -160,700;    0,000
 698,02; -399,000; -233,900;    0,000
 698,28; -250,000;  -45,700;    0,000
 698,54;  129,500;  324,600;    0,000
 698,80; -445,500; -179,000;    0,000
 699,05; -578,500; -525,300;    0,000
 699,31; -478,000; -295,400;    0,000
 699,57; -504,000; -419,200;    0,000
 699,83; -428,000; -322,000;    0,000
 700,09;  470,500;  799,400;    0,000
 700,35;  -69,000; 1292,000;    0,000
 700,60; -731,000; -700,300;    0,000
 700,86;   24,500;  383,400;    0,000
 701,12; -282,000; -134,800;    0,000
 701,38; -225,500;  808,300;    0,000
 701,64;  290,500;  572,400;    0,000
 701,89; -651,000; -531,100;    0,000
 702,15;   84,000;  271,300;    0,000
 702,41; -583,500; -322,200;    0,000
 702,67; -614,500; -582,900;    0,000
 702,93; -373,500; -275,700;    0,000
 703,18; -379,500; -271,300;    0,000
 703,44;  573,500; 1031,600;    0,000
 703,70; -179,500; -115,300;    0,000
 703,96; -278,000; -168,400;    0,000
 704,22; 1407,000; 1679,300;    0,000
 704,47;    8,500;  220,400;    0,000
 704,73;  157,000;  335,400;    0,000
 704,99;  -75,500;  202,300;    0,000
 705,25; -272,000; -181,000;    0,000
 705,50; -252,500;  -64,200;    0,000
 705,76; -136,000;   59,400;    0,000
 706,02; -427,000; -280,900;    0,000
 706,28;  459,500;  729,900;    0,000
 706,53; -542,000; -404,500;    0,000
 706,79; -552,500; -355,400;    0,000
 707,05;  180,500;  600,100;    0,000
 707,31; -305,500; -237,800;    0,000
 707,56;  819,000; 1367,600;    0,000
 707,82; -456,000; -338,600;    0,000
 708,08;  147,000;  478,100;    0,000
 708,34; -431,000; -343,400;    0,000
 708,59; -436,500; -264,900;    0,000
 708,85;   25,500;  376,500;    0,000
 709,11; -625,000; -668,400;    0,000
 709,36;  206,500;  550,200;    0,000
 709,62; -563,500; -394,200;    0,000
 709,88;  120,000;  286,900;    0,000
 710,14; -312,000; -127,400;    0,000
 710,39;  149,500;  375,200;    0,000
 710,65; -425,500; -266,900;    0,000
 710,91; -408,000; -264,600;    0,000
 711,16;   61,500;  294,100;    0,000
 711,42; -606,000; -517,700;    0,000
 711,68; -206,000;   93,600;    0,000
 711,93; -523,500; -435,500;    0,000
 712,19;  520,000;  882,200;    0,000
 712,45;   89,000;  450,100;    0,000
 712,70; -123,000;   -1,500;    0,000
 712,96;  116,000;  377,900;    0,000
 713,22; -461,500; -387,700;    0,000
 713,47; -436,000; -414,700;    0,000
 713,73; -905,500; -831,400;    0,000
 713,99; -500,500; -726,400;    0,000
 714,24;  906,500; 1586,200;    0,000
 714,50; -768,000; -761,600;    0,000
 714,76; -643,000; -539,500;    0,000
 715,01; -459,500; -484,700;    0,000
 715,27; -419,000; -269,600;    0,000
 715,53;  125,500; -217,100;    0,000
 715,78; -465,500; -200,500;    0,000
 716,04; -308,500; -163,000;    0,000
 716,30;   31,500;  284,300;    0,000
 716,55; -416,500; -373,600;    0,000
 716,81; -153,000;   93,800;    0,000
 717,07;  -66,000;  162,000;    0,000
 717,32; -505,000; -334,100;    0,000
 717,58;  -69,500;  141,800;    0,000
 717,83;  285,000;  504,000;    0,000
 718,09;  -51,500;  199,900;    0,000
 718,35; -576,500; -444,300;    0,000
 718,60; -145,500;  107,100;    0,000
 718,86;  360,500;  703,500;    0,000
 719,11; -395,500; -297,000;    0,000
 719,37; -546,500; -337,800;    0,000
 719,63;   67,500;  267,700;    0,000
 719,88;  355,500;  768,200;    0,000
 720,14; -558,000; -497,400;    0,000
 720,39; -511,500; -377,000;    0,000
 720,65; -678,500; -668,700;    0,000
 720,91; -137,000;   72,500;    0,000
 721,16;  358,000;  609,600;    0,000
 721,42;  -32,000;  105,300;    0,000
 721,67;  345,000;  610,400;    0,000
 721,93; -642,000; -563,300;    0,000
 722,18;  185,500;  457,300;    0,000
 722,44; -284,500;  292,900;    0,000
 722,69;  569,000;  816,900;    0,000
 722,95; -155,500;    2,800;    0,000
 723,21;   35,000;  217,000;    0,000
 723,46;  309,000;  575,700;    0,000
 723,72; -348,000; -267,600;    0,000
 723,97;  -91,000;   83,800;    0,000
 724,23;  173,000;  594,900;    0,000
 724,48;  420,000;  769,700;    0,000
 724,74; -244,500; -130,300;    0,000
 724,99; -681,000; -553,600;    0,000
 725,25; -282,500; -120,400;    0,000
 725,50;  -90,000;   26,500;    0,000
 725,76;  533,000;  894,600;    0,000
 726,01; -433,000; -304,800;    0,000
 726,27;  -86,500;  -70,700;    0,000
 726,52; -448,000; -375,800;    0,000
 726,78; -242,000; -108,200;    0,000
 727,04; -237,500; -211,900;    0,000
 727,29; -202,500; -127,100;    0,000
 727,55; -436,000; -227,600;    0,000
 727,80; -185,000;    2,000;    0,000
 728,05; -778,500; -720,800;    0,000
 728,31; -238,500; -114,800;    0,000
 728,56; -959,000; -892,800;    0,000
 728,82; -484,000; -390,300;    0,000
 729,07; -154,000;   32,700;    0,000
 729,33; -312,000; -261,000;    0,000
 729,58; -656,000; -510,700;    0,000
 729,84;  -83,500;   35,800;    0,000
 730,09;  363,000;  632,400;    0,000
 730,35; -254,000;  -85,700;    0,000
 730,60; -916,000; -891,800;    0,000
 730,86; -140,000;  -45,500;    0,000
 731,11; -901,500; -872,100;    0,000
 731,37; -396,500; -323,400;    0,000
 731,62; -471,500; -303,500;    0,000
 731,88; -566,000; -471,600;    0,000
 732,13;  -50,000;  142,700;    0,000
 732,38;  343,500;  591,600;    0,000
 732,64;   -8,000;  357,500;    0,000
 732,89; 1124,000; 1607,500;    0,000
 733,15; -554,000; -327,100;    0,000
 733,40; -405,000; -366,100;    0,000
 733,66; -279,000;  -92,600;    0,000
 733,91;  138,000;  293,600;    0,000
 734,16; -650,000; -550,100;    0,000
 734,42; -147,000;  -96,300;    0,000
 734,67;  -35,500;   98,000;    0,000
 734,93; -443,500; -443,800;    0,000
 735,18; 7157,000; -375,300;    0,000
 735,43; -575,000; -456,100;    0,000
 735,69; -408,000; -343,500;    0,000
 735,94;  690,500;  514,000;    0,000
 736,20; -417,500; -323,500;    0,000
 736,45; -145,500;   81,700;    0,000
 736,70; -562,500; -432,500;    0,000
 736,96; -397,000; -328,600;    0,000
 737,21; -366,500; -271,100;    0,000
 737,47;  -54,000;  139,700;    0,000
 737,72; -760,500; -654,800;    0,000
 737,97; -202,500;  -24,100;    0,000
 738,23; -415,000; -242,600;    0,000
 738,48;  109,500;  363,600;    0,000
 738,73; -972,500; -938,400;    0,000
 738,99;  338,500;  311,000;    0,000
 739,24; -244,000; -154,800;    0,000
 739,49; -488,500; -370,300;    0,000
 739,75; -256,000; -106,300;    0,000
 740,00; -129,500;  -48,100;    0,000
 740,26;  319,500;  171,100;    0,000
 740,51;  -38,000;  183,100;    0,000
 740,76; -528,000; -554,500;    0,000
 741,02;  333,000;  532,500;    0,000
 741,27; -339,500;  301,400;    0,000
 741,52;   53,000;  197,700;    0,000
 741,78; -687,500; -645,100;    0,000
 742,03; -127,000;   27,000;    0,000
 742,28;   13,000;  208,600;    0,000
 742,53; -267,000; -190,300;    0,000
 742,79; -935,000; -891,700;    0,000
 743,04; -727,000; -678,600;    0,000
 743,29; -208,500;  -89,700;    0,000
 743,55; -397,500; -197,200;    0,000
 743,80; -651,000; -613,800;    0,000
 744,05;  310,500;  587,200;    0,000
 744,31;  524,000; 1169,800;    0,000
 744,56; -178,000;  -80,400;    0,000
 744,81; -281,500; -163,300;    0,000
 745,06;  258,500;  322,900;    0,000
 745,32;   -0,500;  449,800;    0,000
 745,57; -814,000; -831,700;    0,000
 745,82; -341,000; -118,900;    0,000
 746,08; -157,500;  -32,800;    0,000
 746,33;   41,500;  285,300;    0,000
 746,58; -608,000; -628,800;    0,000
 746,83; -226,500;   34,200;    0,000
 747,09; -418,500; -211,400;    0,000
 747,34; -613,500; -491,300;    0,000
 747,59; -475,000; -418,200;    0,000
 747,84; -236,000;    4,400;    0,000
 748,10; -267,000; -128,200;    0,000
 748,35;  319,000;  736,000;    0,000
 748,60; -701,500; -744,000;    0,000
 748,85; -160,500;  411,900;    0,000
 749,11; -441,000; -372,500;    0,000
 749,36;   46,000;  395,700;    0,000
 749,61; -723,500; -775,300;    0,000
 749,86; -329,500; -290,500;    0,000
 750,12; -665,500; -580,400;    0,000
 750,37; -491,000; -340,000;    0,000
 750,62; -225,000;  -53,300;    0,000
 750,87; -175,500;  100,900;    0,000
 751,12; -324,000; -121,600;    0,000
 751,38;  372,500;  791,500;    0,000
 751,63; -403,500; -439,600;    0,000
 751,88; -445,500; -283,500;    0,000
 752,13; -551,500; -475,700;    0,000
 752,38;  -74,000;   -0,100;    0,000
 752,64;  109,500;  422,500;    0,000
 752,89;   21,500;  273,600;    0,000
 753,14;  272,000;  402,400;    0,000
 753,39;  359,500;  778,700;    0,000
 753,64; -375,000;  116,900;    0,000
 753,89;  -57,000;  186,700;    0,000
 754,15; -865,000; -936,600;    0,000
 754,40; -266,500;  -89,400;    0,000
 754,65; -631,500; -654,700;    0,000
 754,90;  232,500;  463,800;    0,000
 755,15;  803,500; 1202,800;    0,000
 755,40; -109,500;  127,700;    0,000
 755,66; -342,000; -191,300;    0,000
 755,91; -322,500;  -16,600;    0,000
 756,16;  447,000;  852,000;    0,000
 756,41; -447,000; -317,600;    0,000
 756,66; -587,500; -541,000;    0,000
 756,91; -381,500; -237,700;    0,000
 757,16;  679,500; 1452,300;    0,000
 757,42; -744,500; -614,000;    0,000
 757,67; -442,500; -384,200;    0,000
 757,92; -365,500; -215,600;    0,000
 758,17; -118,500;  -41,600;    0,000
 758,42; -464,000; -303,600;    0,000
 758,67; -221,500; -131,700;    0,000
 758,92; -384,000; -278,500;    0,000
 759,17;   78,000;  314,900;    0,000
 759,43; -775,000; -795,400;    0,000
 759,68; -206,000;  -87,500;    0,000
 759,93; -644,500; -395,200;    0,000
 760,18;  -57,000;  162,000;    0,000
 760,43; -693,500; -677,300;    0,000
 760,68;  -70,500;  131,800;    0,000
 760,93;  -99,000;  121,900;    0,000
 761,18;  234,000;  504,900;    0,000
 761,43; -264,000;   60,700;    0,000
 761,68;  105,000;  322,500;    0,000
 761,93; -795,000; -653,200;    0,000
 762,19; -738,500; -711,000;    0,000
 762,44; -537,500; -349,600;    0,000
 762,69; -537,000; -718,700;    0,000
 762,94; -405,000; -124,300;    0,000
 763,19;  -59,500;  211,900;    0,000
 763,44; -257,000;  -11,200;    0,000
 763,69; -321,500; -201,200;    0,000
 763,94;  429,500;  729,100;    0,000
 764,19; -253,500;   55,500;    0,000
 764,44; -538,500; -335,600;    0,000
 764,69;   54,500;  323,100;    0,000
 764,94; -347,500; -104,600;    0,000
 765,19; -804,500; -695,200;    0,000
 765,44; -261,500;  -45,800;    0,000
 765,69; -303,500; -250,800;    0,000
 765,94;  207,500;  494,700;    0,000
 766,19;  195,500;  387,800;    0,000
 766,44;  -14,000;  397,200;    0,000
 766,69; -348,000; -189,600;    0,000
 766,94; -777,500; -672,200;    0,000
 767,19; -469,500; -369,000;    0,000
 767,44; -531,000; -319,800;    0,000
 767,69; -482,000; -412,300;    0,000
 767,94;  280,500;  523,200;    0,000
 768,19;  -70,500;   29,100;    0,000
 768,44; -447,500; -189,200;    0,000
 768,69; -434,500; -254,300;    0,000
 768,94;  -89,000;  176,800;    0,000
 769,19; -618,000; -620,100;    0,000
 769,44; -237,000; -101,100;    0,000
 769,69;  438,000;  701,900;    0,000
 769,94;   99,000;  408,700;    0,000
 770,19; -332,500; -304,400;    0,000
 770,44;  -67,000;   72,400;    0,000
 770,69; -435,500; -335,400;    0,000
 770,94; -700,000; -527,200;    0,000
 771,19; -616,500; -558,000;    0,000
 771,44; -246,000;  -23,200;    0,000
 771,69; -452,500; -424,800;    0,000
 771,94; -876,500; -821,700;    0,000
 772,19; -593,000; -582,700;    0,000
 772,44; -696,000; -694,100;    0,000
 772,69; -345,000; -379,600;    0,000
 772,94; -209,000; -105,500;    0,000
 773,18;   50,000;  147,300;    0,000
 773,43; -184,000; -203,300;    0,000
 773,68;  164,000;  225,100;    0,000
 773,93;  103,500;  237,200;    0,000
 774,18;  -20,500;  164,700;    0,000
 774,43; -528,500; -498,200;    0,000
 774,68; -390,000; -386,500;    0,000
 774,93;  677,500; 1068,900;    0,000
 775,18;  262,500;  396,900;    0,000
 775,43; -302,000; -148,300;    0,000
 775,68;  303,000;  549,500;    0,000
 775,93; -490,000; -310,000;    0,000
 776,17; -576,000; -570,100;    0,000
 776,42; -220,500; -246,300;    0,000
 776,67; -139,000; -140,800;    0,000
 776,92; -173,500; -143,900;    0,000
 777,17;  193,000;  283,600;    0,000
 777,42; -591,000; -661,600;    0,000
 777,67; -470,500; -512,500;    0,000
 777,92; -489,500; -459,400;    0,000
 778,16;  930,000; 1283,900;    0,000
 778,41; -670,000; -645,300;    0,000
 778,66;   94,500;  291,600;    0,000
 778,91; -452,000; -427,000;    0,000
 779,16; -530,500; -647,600;    0,000
 779,41; -629,500; -604,600;    0,000
 779,66;  -26,000;  -78,200;    0,000
 779,90; -673,500; -628,400;    0,000
 780,15;   11,000;  164,700;    0,000
 780,40; -471,000; -439,900;    0,000
 780,65; -315,500; -350,100;    0,000
 780,90; -681,000; -687,900;    0,000
 781,15; -118,000;  -51,400;    0,000
 781,39; -170,500; -132,600;    0,000
 781,64; -182,500; -312,600;    0,000
 781,89; -802,500; -787,900;    0,000
 782,14;  -41,500;   33,000;    0,000
 782,39; -418,500; -348,500;    0,000
 782,63; -462,000; -501,300;    0,000
 782,88;   21,000;  169,100;    0,000
 783,13;   35,500;   18,200;    0,000
 783,38; -717,500; -739,700;    0,000
 783,63; -544,500; -662,100;    0,000
 783,87; -956,500;-1008,500;    0,000
 784,12; -172,500; -196,400;    0,000
 784,37; -258,000; -214,600;    0,000
 784,62; -372,000; -447,700;    0,000
 784,87;  539,000;  747,900;    0,000
 785,11; -192,500; -182,600;    0,000
 785,36; -361,000; -329,700;    0,000
 785,61; -493,000; -486,900;    0,000
 785,86; -732,000; -773,600;    0,000
 786,10;  450,500;  439,700;    0,000
 786,35; -195,000; -153,700;    0,000
 786,60; -282,500; -796,300;    0,000
 786,85; -384,000; -243,800;    0,000
 787,09;  287,000;  334,300;    0,000
 787,34; -475,500; -444,800;    0,000
 787,59;   -7,500;  102,800;    0,000
 787,84; -308,000; -231,200;    0,000
 788,08; -505,000; -514,200;    0,000
 788,33; -373,500; -380,600;    0,000
 788,58; -559,500; -670,700;    0,000
 788,83; -660,500; -652,700;    0,000
 789,07; -144,000; -108,800;    0,000
 789,32; 1346,000; 1855,400;    0,000
 789,57;  143,500;  293,500;    0,000
 789,81; -561,500; -495,000;    0,000
 790,06;  -15,000;   96,600;    0,000
 790,31; -537,500; -550,200;    0,000
 790,56; -367,000; -364,400;    0,000
 790,80; -214,000; -145,300;    0,000
 791,05; -333,500; -365,800;    0,000
 791,30; -721,500; -810,700;    0,000
 791,54;  -35,000;    4,800;    0,000
 791,79; -266,000; -155,900;    0,000
 792,04; -463,000; -563,900;    0,000
 792,28; -420,500; -462,600;    0,000
 792,53; -174,500;  -51,000;    0,000
 792,78;  358,000;  650,200;    0,000
 793,02; -265,000; -143,000;    0,000
 793,27;  -40,000;   55,200;    0,000
 793,52; -187,000; -136,000;    0,000
 793,76; -199,000;    2,100;    0,000
 794,01;   76,000;  139,900;    0,000
 794,26; -216,500;  -84,200;    0,000
 794,50;  350,000;  536,800;    0,000
 794,75; -311,500;  -67,800;    0,000
 795,00; -322,500; -153,000;    0,000
 795,24; -728,500; -620,500;    0,000
 795,49; -445,500; -322,000;    0,000
 795,74; -467,000; -491,200;    0,000
 795,98;  359,000;  536,800;    0,000
 796,23; -486,000; -429,000;    0,000
 796,48; -421,500; -282,800;    0,000
 796,72; -843,500; -691,600;    0,000
 796,97;   77,500;  217,100;    0,000
 797,21; -362,500; -121,200;    0,000
 797,46; -503,000; -415,600;    0,000
 797,71; -124,500;   28,500;    0,000
 797,95; -395,000; -279,100;    0,000
 798,20; -115,000;  204,400;    0,000
 798,44; -380,000; -373,200;    0,000
 798,69; -210,500;  180,300;    0,000
 798,94; -421,500; -331,000;    0,000
 799,18; -701,000; -557,800;    0,000
 799,43;  -57,500;   36,300;    0,000
 799,67; -120,500;   76,900;    0,000
 799,92; -133,500;   66,300;    0,000
 800,16; -254,500; -191,000;    0,000
 800,41;  108,500;  216,800;    0,000
 800,66; -851,500; -807,200;    0,000
 800,90; -207,500;  -71,400;    0,000
 801,15; -190,500;  -21,300;    0,000
 801,39;  174,000;  355,900;    0,000
 801,64; -389,500; -301,100;    0,000
 801,88; -527,000; -437,600;    0,000
 802,13; -373,500; -191,300;    0,000
 802,38; -573,000; -574,100;    0,000
 802,62; -554,000; -496,900;    0,000
 802,87; -481,000; -479,200;    0,000
 803,11; -438,000; -404,700;    0,000
 803,36; -396,000; -402,500;    0,000
 803,60; -417,000; -324,500;    0,000
 803,85;  339,000;  576,700;    0,000
 804,09; -476,500; -237,100;    0,000
 804,34; -445,000; -368,200;    0,000
 804,58; -561,000; -446,900;    0,000
 804,83; -374,500; -316,400;    0,000
 805,07; -891,000; -713,600;    0,000
 805,32;   60,000;  292,300;    0,000
 805,56;   64,000;  350,800;    0,000
 805,81; -402,500; -294,700;    0,000
 806,05; -728,000; -508,000;    0,000
 806,30; -109,500;   50,400;    0,000
 806,54; -350,000; -437,800;    0,000
 806,79;   60,000;  285,900;    0,000
 807,03; -718,000; -493,600;    0,000
 807,28; -406,000; -184,500;    0,000
 807,52; -340,500; -241,500;    0,000
 807,77;  -99,000;   93,200;    0,000
 808,01; -827,000; -616,400;    0,000
 808,26; -515,000; -182,900;    0,000
 808,50;  177,000;  666,100;    0,000
 808,75; -238,500;  -54,800;    0,000
 808,99;  -51,000;  309,400;    0,000
 809,23; -156,500;  103,200;    0,000
 809,48; -569,500; -245,100;    0,000
 809,72; -259,500;  -56,900;    0,000
 809,97; -554,000; -307,900;    0,000
 810,21; -512,500; -316,500;    0,000
 810,46; -432,000; -177,700;    0,000
 810,70;   88,500;  331,600;    0,000
 810,95; -417,500; -216,500;    0,000
 811,19;  356,000;  789,300;    0,000
 811,43;  405,000;  880,200;    0,000
 811,68; -215,000;  -28,200;    0,000
 811,92;  194,500;  520,600;    0,000
 812,17;  205,500;  461,700;    0,000
 812,41; -852,500; -711,500;    0,000
 812,65; -126,500;  136,100;    0,000
 812,90;  638,500; 1074,900;    0,000
 813,14;  403,500;  567,200;    0,000
 813,39;  558,000;  657,200;    0,000
 813,63; -906,000; -845,800;    0,000
 813,87;   20,000;  167,600;    0,000
 814,12;  -36,000;  129,400;    0,000
 814,36; -183,000;  148,400;    0,000
 814,61; 1247,000; 1703,700;    0,000
 814,85; -336,000;  -68,400;    0,000
 815,09;  227,000;  636,700;    0,000
 815,34; -527,500; -660,400;    0,000
 815,58; -453,500; -263,800;    0,000
 815,82; -336,500; -141,700;    0,000
 816,07; -650,000; -543,700;    0,000
 816,31; -382,000; -233,100;    0,000
 816,56; -303,500; -139,200;    0,000
 816,80;  644,500; 1111,300;    0,000
 817,04; -393,000; -362,500;    0,000
 817,29; -426,500; -270,600;    0,000
 817,53; -195,000;  -22,100;    0,000
 817,77;  175,500;  -20,800;    0,000
 818,02; -423,500; -400,900;    0,000
 818,26; -567,000; -502,900;    0,000
 818,50;  605,500;  856,900;    0,000
 818,75;  596,500;  894,400;    0,000
 818,99; -230,000; -177,700;    0,000
 819,23;  223,500;  401,300;    0,000
 819,48; -499,500; -500,000;    0,000
 819,72; -956,000;-1002,300;    0,000
 819,96; -301,500; -281,500;    0,000
 820,20; -618,000; -623,500;    0,000
 820,45; -545,500; -579,500;    0,000
 820,69;  -65,500;   35,800;    0,000
 820,93; -266,000; -218,200;    0,000
 821,18; -312,500; -241,300;    0,000
 821,42; -268,000; -354,300;    0,000
 821,66; -379,500; -310,200;    0,000
 821,91; -173,500;  -93,500;    0,000
 822,15; -474,500; -370,500;    0,000
 822,39; -552,500; -613,800;    0,000
 822,63; 1489,000; 1887,300;    0,000
 822,88;  -29,000;   35,200;    0,000
 823,12; -308,500; -248,400;    0,000
 823,36;  -10,500;  218,500;    0,000
 823,60;  325,000;  535,900;    0,000
 823,85; -352,500;  -74,300;    0,000
 824,09; -111,000;  -28,600;    0,000
 824,33; -385,500; -340,000;    0,000
 824,57; -884,000; -941,100;    0,000
 824,82;   -6,500;  -12,200;    0,000
 825,06; -235,000; -168,100;    0,000
 825,30; -198,500; -117,200;    0,000
 825,54;  232,500;  458,000;    0,000
 825,79; -160,000; -129,800;    0,000
 826,03;  185,000;  483,200;    0,000
 826,27; -463,500; -493,500;    0,000
 826,51; -395,000; -396,500;    0,000
 826,75;  -62,000; -303,300;    0,000
 827,00;  225,500;  476,500;    0,000
 827,24;   19,500; -142,600;    0,000
 827,48;  -19,500;  273,100;    0,000
 827,72;   -6,500;   18,000;    0,000
 827,96; -457,500; -412,100;    0,000
 828,21;  156,000;  186,500;    0,000
 828,45;  108,000;  190,500;    0,000
 828,69;  102,000;  238,200;    0,000
 828,93;  -80,000;  138,200;    0,000
 829,17; -649,500; -584,900;    0,000
 829,42; -688,500; -677,600;    0,000
 829,66; -516,000; -537,900;    0,000
 829,90; -503,500; -433,500;    0,000
 830,14;  -52,000;  -36,800;    0,000
 830,38;  -26,500;   61,000;    0,000
 830,62;  -55,000;   99,900;    0,000
 830,87; -691,000; -605,300;    0,000
 831,11;  383,500;  528,900;    0,000
 831,35; -638,500; -646,500;    0,000
 831,59; -197,500; -220,100;    0,000
 831,83; -267,000; -100,000;    0,000
 832,07;  359,500;  534,500;    0,000
 832,31; -884,000; -910,300;    0,000
 832,56; -304,000; -247,300;    0,000
 832,80; -128,500;    8,700;    0,000
 833,04;   19,500;   45,700;    0,000
 833,28; -230,000;  -39,200;    0,000
 833,52;  304,000;  586,200;    0,000
 833,76; -418,500; -354,600;    0,000
 834,00; -736,000; -761,300;    0,000
 834,24;  -76,000;   50,400;    0,000
 834,48;   51,000;  104,400;    0,000
 834,73; -179,500;   97,300;    0,000
 834,97;  -46,500;  -71,700;    0,000
 835,21;  433,000;  716,500;    0,000
 835,45;  303,000;  461,400;    0,000
 835,69; -415,500; -358,800;    0,000
 835,93;  799,000; 1080,400;    0,000
 836,17; -381,000; -253,600;    0,000
 836,41;  -65,500;   27,100;    0,000
 836,65;   73,500;  378,700;    0,000
 836,89;  756,000;  924,600;    0,000
 837,13; -216,500;  -37,200;    0,000
 837,37;   19,500;  137,400;    0,000
 837,61;  261,500;  627,700;    0,000
 837,86;  223,500;  349,700;    0,000
 838,10;  697,000; 1005,300;    0,000
 838,34;  314,000;  510,000;    0,000
 838,58; -432,000; -309,000;    0,000
 838,82; -113,000;   22,900;    0,000
 839,06;  542,000;  863,400;    0,000
 839,30; -236,500;  -69,500;    0,000
 839,54;  148,000;  370,100;    0,000
 839,78; -340,000; -131,800;    0,000
 840,02;  699,500; 1369,500;    0,000
 840,26; -255,000; -159,100;    0,000
 840,50; 1933,000; 2707,000;    0,000
 840,74;  377,000;  710,100;    0,000
 840,98; -247,000;   42,200;    0,000
 841,22;  225,500;  472,500;    0,000
 841,46; -133,000;  171,500;    0,000
 841,70;  200,500;  552,700;    0,000
 841,94; -296,500;  -43,800;    0,000
 842,18; -353,500; -229,400;    0,000
 842,42;  140,000;  428,600;    0,000
 842,66; -327,500; -169,300;    0,000
 842,90; -379,500; -175,600;    0,000
 843,14;  -62,500;  193,500;    0,000
 843,38;  -83,500;  244,200;    0,000
 843,62;  -79,000;  106,700;    0,000
 843,86;  158,500;  448,600;    0,000
 844,10;  357,500;  768,400;    0,000
 844,34;  -47,000;  200,100;    0,000
 844,58; -395,000; -282,300;    0,000
 844,82;   24,000;  352,900;    0,000
 845,06;  -26,500;  145,200;    0,000
 845,30;  380,000;  795,300;    0,000
 845,54; -250,500; -102,200;    0,000
 845,78; -314,000; -123,100;    0,000
 846,01; -376,000; -224,800;    0,000
 846,25; -302,000;   81,600;    0,000
 846,49;  -47,000;   77,300;    0,000
 846,73;  199,000;  366,700;    0,000
 846,97;   -8,000; -425,700;    0,000
 847,21; -286,000;   12,400;    0,000
 847,45; -172,000; -170,900;    0,000
 847,69; -406,500; -277,200;    0,000
 847,93;   19,500;  252,100;    0,000
 848,17;  807,000; 1239,300;    0,000
 848,41;   -8,000; -154,500;    0,000
 848,65;  -34,000;  270,800;    0,000
 848,88; -243,000; -150,100;    0,000
 849,12; -192,000;   86,800;    0,000
 849,36;  455,500;  731,400;    0,000
 849,60;  752,000; 1181,100;    0,000
 849,84; 1563,000; 2110,500;    0,000
 850,08;  541,500; 1044,800;    0,000
 850,32; -137,000;   -8,100;    0,000
 850,56;   69,000;  171,100;    0,000
 850,80; -381,000; -235,100;    0,000
 851,03; -142,500;  154,800;    0,000
 851,27;  161,500;  376,900;    0,000
 851,51; -258,500;  -40,300;    0,000
 851,75; -171,500;    1,400;    0,000
 851,99; -182,000;  -88,400;    0,000
 852,23;   21,500;  259,700;    0,000
 852,47;  282,000;  718,800;    0,000
 852,70;  678,500;  999,600;    0,000
 852,94;  -19,500;  364,400;    0,000
 853,18;  254,000;  422,500;    0,000
 853,42;  272,000;  644,700;    0,000
 853,66;  -19,000;  192,700;    0,000
 853,90;  127,500;  362,600;    0,000
 854,13; -348,500; -194,400;    0,000
 854,37; 1313,000; 1807,000;    0,000
 854,61;  -66,000;   47,000;    0,000
 854,85;  444,000;  743,100;    0,000
 855,09;  670,500;  883,100;    0,000
 855,32; 1352,000; 1922,300;    0,000
 855,56;  158,500;  416,000;    0,000
 855,80;  335,000;  595,500;    0,000
 856,04;  310,000;  551,100;    0,000
 856,28;  597,500;  893,000;    0,000
 856,51;  102,000;  386,000;    0,000
 856,75;  361,500;  568,500;    0,000
 856,99;  969,500; 1377,600;    0,000
 857,23;  587,500;  928,600;    0,000
 857,47;   74,500;  401,000;    0,000
 857,70;  524,500;  750,500;    0,000
 857,94;  339,000;  702,200;    0,000
 858,18;  302,000;  718,800;    0,000
 858,42;  565,500;  933,700;    0,000
 858,65;  657,500; 1200,600;    0,000
 858,89;  655,000; 1077,700;    0,000
 859,13;  484,500;  845,800;    0,000
 859,37; -242,000;   64,100;    0,000
 859,60;  196,000;  515,800;    0,000
 859,84;  -25,000;  270,400;    0,000
 860,08;  669,500; 1022,200;    0,000
 860,32;   18,000;  261,900;    0,000
 860,55;   47,000;  430,400;    0,000
 860,79;  509,000;  854,300;    0,000
 861,03;  528,500; 1123,300;    0,000
 861,27;  190,500;  463,800;    0,000
 861,50;   59,000;  333,700;    0,000
 861,74;  973,500; 1301,500;    0,000
 861,98;  632,500; 1223,100;    0,000
 862,21;  864,500; 1403,200;    0,000
 862,45;  380,500;  864,100;    0,000
 862,69;  532,500;  947,500;    0,000
 862,92;  205,000;  601,200;    0,000
 863,16;  754,000; 1324,400;    0,000
 863,40;   91,500;  498,100;    0,000
 863,64;  709,500; 1144,800;    0,000
 863,87;   13,500;  399,500;    0,000
 864,11;  598,500; 1137,700;    0,000
 864,35;  483,000;  952,800;    0,000
 864,58;  403,000;  875,900;    0,000
 864,82;  234,000;  605,200;    0,000
 865,06;  653,000; 1230,200;    0,000
 865,29;  550,500; 1233,800;    0,000
 865,53;  659,500; 1251,700;    0,000
 865,77; 1029,000; 1662,100;    0,000
 866,00;  730,000; 1044,500;    0,000
 866,24;  873,500; 1522,900;    0,000
 866,47; 1281,000; 1770,400;    0,000
 866,71;  591,000; 1182,900;    0,000
 866,95;  714,500; 1272,400;    0,000
 867,18;  466,000; 1026,800;    0,000
 867,42;  779,000; 1288,500;    0,000
 867,66;  648,000; 1106,300;    0,000
 867,89;  992,500; 1640,400;    0,000
 868,13; 1343,500; 2140,300;    0,000
 868,36;  608,000; 1102,900;    0,000
 868,60;  354,000; 1112,900;    0,000
 868,84;  945,000; 1560,400;    0,000
 869,07;  602,500; 1326,800;    0,000
 869,31;  958,500; 1666,800;    0,000
 869,55;  682,500; 1492,100;    0,000
 869,78; 1184,000; 1904,400;    0,000
 870,02;  785,500; 1472,800;    0,000
 870,25;  669,500; 1293,200;    0,000
 870,49; 1620,500; 2377,000;    0,000
 870,72; 1674,000; 2335,500;    0,000
 870,96; 1073,000; 1974,400;    0,000
 871,20; 1108,000; 1942,500;    0,000
 871,43;  659,000; 1313,700;    0,000
 871,67; 1476,500; 2341,900;    0,000
 871,90;  938,000; 1750,700;    0,000
 872,14;  914,500; 1796,500;    0,000
 872,37; 1083,000; 1918,300;    0,000
 872,61; 1036,500; 1885,200;    0,000
 872,85; 1302,500; 2162,800;    0,000
 873,08; 1288,000; 2048,200;    0,000
 873,32; 1851,500; 3160,100;    0,000
 873,55; 2244,500; 3460,400;    0,000
 873,79; 1607,500; 2944,000;    0,000
 874,02; 2250,000; 3490,100;    0,000
 874,26; 1673,500; 2987,000;    0,000
 874,49; 2223,000; 3450,900;    0,000
 874,73; 2198,500; 3625,400;    0,000
 874,96; 3068,000; 4530,200;    0,000
 875,20; 2210,000; 3755,700;    0,000
 875,43; 2367,500; 3687,500;    0,000
 875,67; 2871,500; 4587,500;    0,000
 875,90; 3437,000; 5206,500;    0,000
 876,14; 3584,500; 5730,500;    0,000
 876,37; 3224,000; 5307,900;    0,000
 876,61; 3472,000; 5427,700;    0,000
 876,84; 3563,000; 5722,500;    0,000
 877,08; 3627,000; 5893,900;    0,000
 877,31; 4426,000; 7156,600;    0,000
 877,55; 4450,500; 7427,500;    0,000
 877,78; 5298,000; 8454,100;    0,000
 878,02; 6268,000; 9761,800;    0,000
 878,25; 6191,500; 9893,100;    0,000
 878,49; 7458,000;11550,000;    0,000
 878,72; 8042,500;12647,200;    0,000
 878,96; 9360,500;14653,700;    0,000

