Wave   ;Sample   ;Dark     ;Reference;Scope
 335,38; 3560,000;   28,800;    0,000
 335,67; 3886,000; -230,200;    0,000
 335,96; 3823,000; -666,400;    0,000
 336,25; 4083,000; -257,900;    0,000
 336,54; 4429,000;  500,100;    0,000
 336,83; 4493,000; -202,200;    0,000
 337,13; 4592,000; -465,200;    0,000
 337,42; 4652,000; -104,400;    0,000
 337,71; 4689,000; -447,400;    0,000
 338,00; 5189,000; -222,900;    0,000
 338,29; 5378,000;  -49,600;    0,000
 338,58; 5429,000;  573,100;    0,000
 338,87; 5699,000; 1056,300;    0,000
 339,16; 5993,000; -181,800;    0,000
 339,46; 6396,000;  245,700;    0,000
 339,75; 6418,000;  655,400;    0,000
 340,04; 6712,000;   92,500;    0,000
 340,33; 6568,000; -334,000;    0,000
 340,62; 6960,000; -201,300;    0,000
 340,91; 7123,000; -548,700;    0,000
 341,20; 7170,000; -447,200;    0,000
 341,49; 7823,000; -507,600;    0,000
 341,78; 7865,000; 1118,900;    0,000
 342,07; 8015,000;  -10,300;    0,000
 342,37; 7867,000; -737,000;    0,000
 342,66; 8694,000;  394,600;    0,000
 342,95; 9159,000;   38,500;    0,000
 343,24; 8793,000; -539,300;    0,000
 343,53; 9801,000;  496,100;    0,000
 343,82; 9858,000; -271,000;    0,000
 344,11;10270,000;  374,600;    0,000
 344,40;10548,000; -486,200;    0,000
 344,69;10566,000; -169,000;    0,000
 344,98;10999,000; -449,200;    0,000
 345,27;11408,000;  149,800;    0,000
 345,56;11806,000; -108,700;    0,000
 345,85;12123,000;  224,400;    0,000
 346,14;12170,000;  220,600;    0,000
 346,44;12491,000; -652,700;    0,000
 346,73;13673,000; 1197,400;    0,000
 347,02;13670,000;  215,700;    0,000
 347,31;14230,000;  389,500;    0,000
 347,60;15114,000;  -91,000;    0,000
 347,89;14854,000;  747,000;    0,000
 348,18;15704,000; -567,600;    0,000
 348,47;15620,000; -563,600;    0,000
 348,76;16282,000;   98,200;    0,000
 349,05;16520,000;  169,600;    0,000
 349,34;17514,000;    8,200;    0,000
 349,63;17761,000; -242,800;    0,000
 349,92;18159,000;  156,300;    0,000
 350,21;18934,000; -360,800;    0,000
 350,50;18561,000; -222,300;    0,000
 350,79;19570,000; -194,400;    0,000
 351,08;20368,000;  501,400;    0,000
 351,37;20648,000;  568,100;    0,000
 351,66;21392,000; -104,800;    0,000
 351,95;21657,000;  522,400;    0,000
 352,24;22090,000; -132,200;    0,000
 352,53;22667,000; -266,300;    0,000
 352,82;23233,000;  605,200;    0,000
 353,11;24333,000;  412,900;    0,000
 353,40;24516,000;   27,300;    0,000
 353,69;24690,000; -570,700;    0,000
 353,98;25561,000;  269,800;    0,000
 354,27;25897,000; -393,400;    0,000
 354,56;25686,000; -480,700;    0,000
 354,85;26471,000; -267,900;    0,000
 355,14;26956,000; -670,200;    0,000
 355,43;27661,000; -379,700;    0,000
 355,72;27822,000;  211,800;    0,000
 356,01;28654,000; -490,700;    0,000
 356,30;29031,000; -393,300;    0,000
 356,59;29425,000;   19,900;    0,000
 356,88;28806,000; -500,500;    0,000
 357,17;29706,000;  163,800;    0,000
 357,46;30166,000;  919,800;    0,000
 357,75;30018,000; -812,500;    0,000
 358,04;30414,000; 1075,000;    0,000
 358,33;31064,000; -665,100;    0,000
 358,62;30802,000; -482,900;    0,000
 358,91;32118,000; -186,800;    0,000
 359,20;32810,000;   74,000;    0,000
 359,49;33562,000;   -7,200;    0,000
 359,78;33417,000; -367,400;    0,000
 360,07;33896,000; -418,000;    0,000
 360,36;34122,000;  746,700;    0,000
 360,65;34404,000; -123,800;    0,000
 360,94;34604,000;  207,400;    0,000
 361,23;34965,000;   71,600;    0,000
 361,52;34851,000;  836,000;    0,000
 361,81;35282,000; -300,300;    0,000
 362,10;35467,000;  517,500;    0,000
 362,39;35403,000;  -91,800;    0,000
 362,68;35432,000; -219,200;    0,000
 362,97;35178,000;  -55,000;    0,000
 363,26;34968,000; -113,600;    0,000
 363,54;35014,000;  -50,000;    0,000
 363,83;34977,000;  -20,700;    0,000
 364,12;35345,000; -418,900;    0,000
 364,41;34976,000;  370,200;    0,000
 364,70;34927,000;  329,200;    0,000
 364,99;34652,000; -465,600;    0,000
 365,28;35001,000;  -87,100;    0,000
 365,57;34706,000;  102,700;    0,000
 365,86;34321,000; -726,200;    0,000
 366,15;34139,000; -384,200;    0,000
 366,44;33699,000; -195,100;    0,000
 366,73;33896,000;-1003,100;    0,000
 367,02;33898,000; -230,700;    0,000
 367,31;33580,000; -150,200;    0,000
 367,59;33058,000; -537,800;    0,000
 367,88;32995,000; -472,000;    0,000
 368,17;33399,000; -343,600;    0,000
 368,46;33020,000;  -65,500;    0,000
 368,75;32683,000; -117,300;    0,000
 369,04;32018,000; -652,900;    0,000
 369,33;32558,000; -188,600;    0,000
 369,62;31709,000;  111,000;    0,000
 369,91;32003,000;   70,700;    0,000
 370,20;30951,000; -320,300;    0,000
 370,48;31188,000;  336,200;    0,000
 370,77;30414,000;  142,200;    0,000
 371,06;30793,000; -634,200;    0,000
 371,35;30123,000;  364,500;    0,000
 371,64;29224,000; -600,800;    0,000
 371,93;29103,000;  585,900;    0,000
 372,22;28672,000;  235,900;    0,000
 372,51;28176,000; -474,900;    0,000
 372,79;27852,000; -530,300;    0,000
 373,08;27387,000;   58,500;    0,000
 373,37;27238,000; -221,600;    0,000
 373,66;27153,000; -374,100;    0,000
 373,95;27215,000; -491,800;    0,000
 374,24;26937,000; -344,300;    0,000
 374,53;26826,000; -279,900;    0,000
 374,81;26014,000; -251,300;    0,000
 375,10;26479,000;  257,600;    0,000
 375,39;26283,000; -126,300;    0,000
 375,68;25531,000; -444,400;    0,000
 375,97;25896,000; -569,100;    0,000
 376,26;25796,000; -959,900;    0,000
 376,55;25473,000; -252,900;    0,000
 376,83;25218,000; -714,700;    0,000
 377,12;25307,000; -325,700;    0,000
 377,41;24429,000; -902,800;    0,000
 377,70;24367,000; -417,900;    0,000
 377,99;24695,000;  431,700;    0,000
 378,28;24460,000;  161,700;    0,000
 378,56;23840,000; -177,500;    0,000
 378,85;23292,000; -521,100;    0,000
 379,14;23384,000; -833,500;    0,000
 379,43;23239,000; -448,400;    0,000
 379,72;22671,000; -940,200;    0,000
 380,01;22637,000; -208,400;    0,000
 380,29;22803,000;  283,800;    0,000
 380,58;22555,000;   28,500;    0,000
 380,87;22740,000;  185,900;    0,000
 381,16;21475,000; -310,900;    0,000
 381,45;21933,000; -414,600;    0,000
 381,73;21097,000; -723,200;    0,000
 382,02;21332,000;  502,400;    0,000
 382,31;21185,000; -173,100;    0,000
 382,60;20928,000;  -74,300;    0,000
 382,89;20348,000; -297,500;    0,000
 383,17;20475,000;  -45,700;    0,000
 383,46;19851,000; -269,800;    0,000
 383,75;20463,000;  596,600;    0,000
 384,04;19241,000;  363,600;    0,000
 384,33;19755,000; -826,300;    0,000
 384,61;18867,000; -180,100;    0,000
 384,90;19100,000; -545,300;    0,000
 385,19;18165,000; -345,000;    0,000
 385,48;18321,000;   88,300;    0,000
 385,76;18475,000; -354,900;    0,000
 386,05;18150,000; -630,400;    0,000
 386,34;17853,000;  463,700;    0,000
 386,63;17807,000;  -76,700;    0,000
 386,92;17410,000; -949,100;    0,000
 387,20;16850,000; -593,800;    0,000
 387,49;16638,000;  123,900;    0,000
 387,78;16969,000; -338,800;    0,000
 388,07;16225,000;  183,700;    0,000
 388,35;16108,000; -280,400;    0,000
 388,64;16062,000;  180,900;    0,000
 388,93;15610,000; -747,000;    0,000
 389,22;15436,000;  503,100;    0,000
 389,50;14997,000;  414,700;    0,000
 389,79;14607,000; -809,700;    0,000
 390,08;14754,000; -579,400;    0,000
 390,37;14056,000;  175,900;    0,000
 390,65;14135,000; -425,600;    0,000
 390,94;13702,000; -540,300;    0,000
 391,23;13778,000;  237,000;    0,000
 391,52;13528,000;  219,900;    0,000
 391,80;13465,000; -413,900;    0,000
 392,09;13163,000;   92,600;    0,000
 392,38;12732,000;  -61,500;    0,000
 392,66;12278,000; -378,800;    0,000
 392,95;12051,000;   75,900;    0,000
 393,24;12252,000;  358,100;    0,000
 393,53;11636,000;    5,000;    0,000
 393,81;11711,000; -103,000;    0,000
 394,10;11466,000; -390,200;    0,000
 394,39;11247,000; -402,900;    0,000
 394,67;11131,000; -430,000;    0,000
 394,96;10897,000; -832,100;    0,000
 395,25;10888,000;  131,400;    0,000
 395,54;10228,000;  450,100;    0,000
 395,82; 9978,000; -510,900;    0,000
 396,11; 9961,000;  616,100;    0,000
 396,40; 9839,000;   -6,200;    0,000
 396,68; 9451,000;   53,600;    0,000
 396,97; 9607,000;   33,200;    0,000
 397,26; 9436,000;  216,900;    0,000
 397,54; 8879,000; -702,200;    0,000
 397,83; 8573,000; -936,100;    0,000
 398,12; 8970,000;   76,900;    0,000
 398,40; 8965,000; -463,400;    0,000
 398,69;11445,000; -543,100;    0,000
 398,98;13049,000; -475,900;    0,000
 399,26;13935,000; -281,000;    0,000
 399,55;14220,000; -849,000;    0,000
 399,84;15083,000; -867,300;    0,000
 400,12;15614,000; -333,900;    0,000
 400,41;16067,000;   57,400;    0,000
 400,70;15783,000; -581,900;    0,000
 400,98;15851,000;  -18,900;    0,000
 401,27;15411,000; -854,500;    0,000
 401,56;15920,000; -242,200;    0,000
 401,84;15849,000;  -76,300;    0,000
 402,13;15904,000; -237,500;    0,000
 402,42;15869,000; -354,900;    0,000
 402,70;15638,000; -179,200;    0,000
 402,99;15657,000; -148,100;    0,000
 403,28;15341,000; -781,400;    0,000
 403,56;15641,000; -527,900;    0,000
 403,85;15503,000;  521,500;    0,000
 404,14;14852,000; -736,100;    0,000
 404,42;14819,000; -793,700;    0,000
 404,71;14620,000; -264,400;    0,000
 404,99;14935,000;-1016,300;    0,000
 405,28;14551,000; -408,200;    0,000
 405,57;14625,000; -650,300;    0,000
 405,85;14643,000; -486,500;    0,000
 406,14;14365,000; -414,700;    0,000
 406,43;13911,000; -260,700;    0,000
 406,71;14386,000; -365,900;    0,000
 407,00;14602,000; 1716,800;    0,000
 407,28;13948,000; -667,300;    0,000
 407,57;14250,000; -514,500;    0,000
 407,86;13228,000; -185,000;    0,000
 408,14;13232,000;  224,200;    0,000
 408,43;12756,000; -306,500;    0,000
 408,71;12845,000; -154,500;    0,000
 409,00;12428,000;  101,000;    0,000
 409,29;11897,000;  126,600;    0,000
 409,57;11519,000; -423,400;    0,000
 409,86;11187,000; -397,700;    0,000
 410,14;10201,000; -541,700;    0,000
 410,43; 9955,000; -321,700;    0,000
 410,72; 8893,000;   73,900;    0,000
 411,00; 8117,000;  571,500;    0,000
 411,29; 7206,000;  378,100;    0,000
 411,57; 5574,000; -493,900;    0,000
 411,86; 3052,000; -602,400;    0,000
 412,15; 2858,000; -633,800;    0,000
 412,43; 2773,000; -780,600;    0,000
 412,72; 2704,000; -130,000;    0,000
 413,00; 2538,000; -317,300;    0,000
 413,29; 2453,000; -698,900;    0,000
 413,57; 2672,000; -492,500;    0,000
 413,86; 2068,000; -394,400;    0,000
 414,15; 2091,000; -461,900;    0,000
 414,43; 1940,000; -356,300;    0,000
 414,72; 1911,000; -369,500;    0,000
 415,00; 1557,000; -733,700;    0,000
 415,29; 1629,000;  -81,300;    0,000
 415,57; 1353,000; -173,500;    0,000
 415,86; 1433,000; -570,000;    0,000
 416,14; 1343,000; -860,100;    0,000
 416,43; 1375,000;   56,000;    0,000
 416,71; 1466,000; -142,300;    0,000
 417,00; 1349,000; -658,900;    0,000
 417,29; 1174,000; -985,800;    0,000
 417,57; 1322,000; -271,300;    0,000
 417,86; 1297,000;  -41,200;    0,000
 418,14; 1258,000; -535,400;    0,000
 418,43; 1040,000; -531,700;    0,000
 418,71; 1426,000;  530,600;    0,000
 419,00; 1144,000; -645,000;    0,000
 419,28;  853,000; -879,400;    0,000
 419,57;  978,000; -443,900;    0,000
 419,85; 1245,000;  154,400;    0,000
 420,14; 1162,000;  503,700;    0,000
 420,42; 1025,000; -732,900;    0,000
 420,71; 1048,000;  258,000;    0,000
 420,99; 1146,000; -256,600;    0,000
 421,28;  920,000;  306,200;    0,000
 421,56;  888,000; -571,300;    0,000
 421,85;  708,000; -605,000;    0,000
 422,13; 1171,000; 1167,200;    0,000
 422,42;  784,000; -336,800;    0,000
 422,70;  733,000; -800,600;    0,000
 422,99;  737,000; -623,900;    0,000
 423,27;  845,000; -414,100;    0,000
 423,56;  799,000; -317,200;    0,000
 423,84;  725,000; -621,500;    0,000
 424,13;  774,000; -687,500;    0,000
 424,41;  729,000; -307,900;    0,000
 424,70;  766,000; -386,200;    0,000
 424,98;  776,000; -506,300;    0,000
 425,27;  726,000;  269,600;    0,000
 425,55;  664,000;-1062,000;    0,000
 425,84;  680,000;  126,100;    0,000
 426,12;  580,000; -813,100;    0,000
 426,40;  497,000; -953,300;    0,000
 426,69;  702,000;  -97,900;    0,000
 426,97;  875,000;  594,200;    0,000
 427,26;  561,000; -535,000;    0,000
 427,54;  575,000; -799,700;    0,000
 427,83;  625,000; -538,600;    0,000
 428,11;  586,000; -418,800;    0,000
 428,40;  650,000; -748,900;    0,000
 428,68;  608,000; -224,900;    0,000
 428,97;  952,000;  973,700;    0,000
 429,25;  788,000;  -20,300;    0,000
 429,53;  636,000; -324,800;    0,000
 429,82; 1284,000;  -75,000;    0,000
 430,10; 1739,000; -680,700;    0,000
 430,39; 2053,000; -306,000;    0,000
 430,67; 2141,000;   39,200;    0,000
 430,96; 2393,000; -746,300;    0,000
 431,24; 2867,000;  435,500;    0,000
 431,52; 2985,000;  460,700;    0,000
 431,81; 2935,000;   87,100;    0,000
 432,09; 2840,000; -343,200;    0,000
 432,38; 3267,000; -110,400;    0,000
 432,66; 3069,000; -363,900;    0,000
 432,95; 3191,000; -106,500;    0,000
 433,23; 3091,000; -219,700;    0,000
 433,51; 3083,000; -916,400;    0,000
 433,80; 3389,000; -220,600;    0,000
 434,08; 3357,000;  113,300;    0,000
 434,37; 2877,000; -173,800;    0,000
 434,65; 3142,000; -536,900;    0,000
 434,93; 3351,000;  273,500;    0,000
 435,22; 2975,000; -957,000;    0,000
 435,50; 3126,000; -183,600;    0,000
 435,78; 2965,000; -688,600;    0,000
 436,07; 3228,000; -669,300;    0,000
 436,35; 3338,000;  135,100;    0,000
 436,64; 3249,000; -321,000;    0,000
 436,92; 3212,000; -315,500;    0,000
 437,20; 3196,000; -191,200;    0,000
 437,49; 3397,000; -414,600;    0,000
 437,77; 3018,000; -344,500;    0,000
 438,06; 3429,000;  107,100;    0,000
 438,34; 3097,000; -956,300;    0,000
 438,62; 3197,000; -340,000;    0,000
 438,91; 3144,000; -567,800;    0,000
 439,19; 3214,000; -298,800;    0,000
 439,47; 3082,000; -642,300;    0,000
 439,76; 3153,000;  -19,200;    0,000
 440,04; 3072,000; -570,700;    0,000
 440,32; 2849,000; -330,500;    0,000
 440,61; 2608,000; -793,000;    0,000
 440,89; 2752,000;   82,800;    0,000
 441,17; 2792,000;  270,000;    0,000
 441,46; 2529,000; -377,300;    0,000
 441,74; 2196,000; -762,700;    0,000
 442,02; 2169,000; -569,000;    0,000
 442,31; 1961,000;  453,100;    0,000
 442,59; 1605,000; -261,800;    0,000
 442,87;  886,000; -610,200;    0,000
 443,16;  673,000; -811,300;    0,000
 443,44;  566,000; -117,500;    0,000
 443,72;  667,000; -304,500;    0,000
 444,01;  554,000; -384,000;    0,000
 444,29;  756,000; -556,600;    0,000
 444,57;  630,000; -155,500;    0,000
 444,86;  786,000;  416,800;    0,000
 445,14;  591,000;  -99,500;    0,000
 445,42;  768,000;   -2,400;    0,000
 445,71;  629,000; -358,700;    0,000
 445,99;  688,000; -404,100;    0,000
 446,27;  546,000; -755,500;    0,000
 446,56;  682,000; -615,300;    0,000
 446,84;  491,000; -754,600;    0,000
 447,12;  517,000; -974,400;    0,000
 447,40;  611,000; -732,700;    0,000
 447,69;  672,000; -196,400;    0,000
 447,97;  792,000;   -5,500;    0,000
 448,25;  828,000;  344,500;    0,000
 448,54;  458,000; -880,800;    0,000
 448,82;  664,000; -888,800;    0,000
 449,10;  629,000; -513,200;    0,000
 449,38;  835,000; -556,500;    0,000
 449,67;  673,000; -264,100;    0,000
 449,95;  920,000;  496,000;    0,000
 450,23;  581,000; -670,700;    0,000
 450,52;  911,000;  488,800;    0,000
 450,80;  667,000; -777,600;    0,000
 451,08;  737,000; -733,900;    0,000
 451,36;  799,000;  272,900;    0,000
 451,65;  767,000; -310,200;    0,000
 451,93;  651,000; -358,100;    0,000
 452,21; 1124,000; 1023,300;    0,000
 452,49;  642,000; -730,300;    0,000
 452,78;  820,000; -245,500;    0,000
 453,06;  551,000; -519,900;    0,000
 453,34;  678,000; -755,800;    0,000
 453,62;  781,000; -336,600;    0,000
 453,91;  708,000; -604,700;    0,000
 454,19; 1011,000; 1589,500;    0,000
 454,47; 1036,000;  628,100;    0,000
 454,75;  594,000; -688,600;    0,000
 455,04;  889,000;   -8,600;    0,000
 455,32;  729,000; -253,300;    0,000
 455,60;  780,000; -229,400;    0,000
 455,88;  833,000;  124,500;    0,000
 456,16;  950,000;  687,500;    0,000
 456,45;  592,000; -359,400;    0,000
 456,73;  781,000; -530,800;    0,000
 457,01;  699,000; -823,800;    0,000
 457,29; 1031,000;  255,700;    0,000
 457,58;  682,000; -619,100;    0,000
 457,86;  691,000; -974,700;    0,000
 458,14;  700,000; -787,200;    0,000
 458,42;  676,000; -804,700;    0,000
 458,70;  883,000;  195,100;    0,000
 458,99;  720,000; -712,700;    0,000
 459,27;  703,000; -948,000;    0,000
 459,55;  761,000; -675,800;    0,000
 459,83;  969,000;  860,500;    0,000
 460,11; 1160,000;  814,100;    0,000
 460,40;  681,000; -957,300;    0,000
 460,68;  718,000; -804,200;    0,000
 460,96; 1010,000;  899,500;    0,000
 461,24;  949,000; -226,400;    0,000
 461,52;  909,000;  242,400;    0,000
 461,80;  899,000; -603,500;    0,000
 462,09;  906,000; -654,300;    0,000
 462,37;  972,000; -385,900;    0,000
 462,65;  848,000; -719,600;    0,000
 462,93;  995,000;   12,800;    0,000
 463,21;  837,000; -532,100;    0,000
 463,49; 1126,000;   39,800;    0,000
 463,78;  897,000;  146,100;    0,000
 464,06;  915,000; -254,600;    0,000
 464,34;  953,000; -562,100;    0,000
 464,62; 1175,000; -250,900;    0,000
 464,90;  986,000;  590,200;    0,000
 465,18;  901,000; -721,600;    0,000
 465,47;  839,000; -382,500;    0,000
 465,75; 1009,000; -285,000;    0,000
 466,03; 1073,000;   52,200;    0,000
 466,31;  912,000;  170,800;    0,000
 466,59;  926,000;  -53,700;    0,000
 466,87; 1028,000;  128,200;    0,000
 467,15;  786,000; -654,800;    0,000
 467,43; 1035,000; -414,400;    0,000
 467,72;  863,000; -398,200;    0,000
 468,00;  796,000; -453,700;    0,000
 468,28;  753,000; -844,500;    0,000
 468,56;  926,000; -138,600;    0,000
 468,84;  833,000; -542,100;    0,000
 469,12;  796,000;-1021,800;    0,000
 469,40;  921,000; -561,000;    0,000
 469,68;  927,000; -433,900;    0,000
 469,97;  860,000;  -98,900;    0,000
 470,25;  721,000; -934,200;    0,000
 470,53;  947,000;   82,500;    0,000
 470,81;  997,000;  683,900;    0,000
 471,09;  983,000;  -86,800;    0,000
 471,37;  991,000;  -19,400;    0,000
 471,65;  966,000; -552,000;    0,000
 471,93;  922,000; -499,700;    0,000
 472,21;  870,000; -426,400;    0,000
 472,49; 1032,000; -221,400;    0,000
 472,77;  909,000;  -70,500;    0,000
 473,06;  758,000; -900,300;    0,000
 473,34; 1050,000; -429,000;    0,000
 473,62; 1104,000;  218,200;    0,000
 473,90;  963,000;  428,800;    0,000
 474,18;  935,000; -246,200;    0,000
 474,46;  832,000;   26,700;    0,000
 474,74;  990,000; -170,300;    0,000
 475,02; 1045,000;  763,000;    0,000
 475,30; 1306,000; 1321,200;    0,000
 475,58;  699,000; -985,600;    0,000
 475,86;  929,000; -463,300;    0,000
 476,14;  868,000; -788,100;    0,000
 476,42; 1027,000; -143,500;    0,000
 476,70; 1026,000;  397,200;    0,000
 476,98; 1136,000;  508,700;    0,000
 477,27;  816,000;   55,000;    0,000
 477,55;  823,000; -639,400;    0,000
 477,83;  693,000; -340,300;    0,000
 478,11;  694,000; -817,400;    0,000
 478,39;  899,000;  290,400;    0,000
 478,67; 1131,000;  845,900;    0,000
 478,95;  903,000;  357,200;    0,000
 479,23;  869,000; -487,200;    0,000
 479,51;  794,000; -310,600;    0,000
 479,79;  838,000;  366,800;    0,000
 480,07;  745,000; -721,700;    0,000
 480,35;  864,000; -297,100;    0,000
 480,63;  860,000; -509,700;    0,000
 480,91;  922,000; -405,200;    0,000
 481,19;  856,000;   80,000;    0,000
 481,47;  815,000; -639,800;    0,000
 481,75; 1893,000; 3113,900;    0,000
 482,03;  751,000; -706,000;    0,000
 482,31;  898,000; -341,300;    0,000
 482,59;  819,000; -289,200;    0,000
 482,87;  865,000;  105,100;    0,000
 483,15;  829,000; -548,500;    0,000
 483,43;  725,000; -187,900;    0,000
 483,71;  692,000; -709,300;    0,000
 483,99;  957,000;  699,800;    0,000
 484,27;  947,000;  352,900;    0,000
 484,55;  766,000; -594,400;    0,000
 484,83;  749,000; -431,700;    0,000
 485,11;  853,000;  -90,600;    0,000
 485,39;  909,000; -572,900;    0,000
 485,67;  995,000;  603,500;    0,000
 485,95;  834,000;  202,900;    0,000
 486,23;  890,000;  480,300;    0,000
 486,51;  663,000; -948,400;    0,000
 486,79;  790,000;  -48,900;    0,000
 487,07; 1072,000;  783,000;    0,000
 487,35;  544,000;-1137,100;    0,000
 487,63; 1010,000;  693,800;    0,000
 487,91;  775,000;  190,300;    0,000
 488,18;  658,000; -474,500;    0,000
 488,46;  851,000; -180,900;    0,000
 488,74;  777,000; -737,600;    0,000
 489,02;  736,000; -894,700;    0,000
 489,30; 1102,000;  856,900;    0,000
 489,58;  680,000; -264,700;    0,000
 489,86;  854,000; -497,500;    0,000
 490,14;  582,000; -606,500;    0,000
 490,42;  753,000; -722,500;    0,000
 490,70;  890,000;   22,300;    0,000
 490,98;  687,000; -414,000;    0,000
 491,26;  708,000; -617,700;    0,000
 491,54;  774,000; -100,800;    0,000
 491,82;  768,000;  316,200;    0,000
 492,10;  816,000; -154,800;    0,000
 492,37;  885,000;  408,800;    0,000
 492,65;  767,000; -514,200;    0,000
 492,93;  704,000; -792,600;    0,000
 493,21;  787,000; -297,000;    0,000
 493,49;  801,000;  -60,900;    0,000
 493,77;  705,000; -759,000;    0,000
 494,05;  563,000; -627,900;    0,000
 494,33;  747,000; -462,100;    0,000
 494,61;  613,000; -387,300;    0,000
 494,89;  917,000;  106,000;    0,000
 495,16;  786,000; -164,400;    0,000
 495,44;  730,000; -454,500;    0,000
 495,72;  875,000;  761,700;    0,000
 496,00;  611,000; -706,500;    0,000
 496,28;  564,000; -419,200;    0,000
 496,56;  688,000; -736,100;    0,000
 496,84;  604,000; -623,800;    0,000
 497,12;  672,000; -787,600;    0,000
 497,40;  719,000;  459,600;    0,000
 497,67;  761,000;  339,000;    0,000
 497,95;  569,000; -697,600;    0,000
 498,23;  865,000;  811,600;    0,000
 498,51;  631,000; -508,000;    0,000
 498,79;  658,000; -456,500;    0,000
 499,07;  876,000;  388,400;    0,000
 499,35;  885,000;  444,700;    0,000
 499,62;  792,000; -161,900;    0,000
 499,90;  848,000;  117,500;    0,000
 500,18;  890,000;  216,300;    0,000
 500,46;  597,000; -736,500;    0,000
 500,74;  730,000;  -74,100;    0,000
 501,02;  545,000; -429,000;    0,000
 501,30;  755,000; -139,300;    0,000
 501,57;  792,000;  516,300;    0,000
 501,85;  740,000;  134,100;    0,000
 502,13;  748,000;   70,600;    0,000
 502,41;  650,000; -400,100;    0,000
 502,69;  684,000; -261,300;    0,000
 502,96;  997,000; 1538,900;    0,000
 503,24;  733,000;  365,900;    0,000
 503,52;  675,000; -119,500;    0,000
 503,80;  560,000; -210,100;    0,000
 504,08;  589,000; -547,600;    0,000
 504,36;  693,000; -507,300;    0,000
 504,63;  792,000;  456,800;    0,000
 504,91;  900,000;  239,800;    0,000
 505,19;  803,000;  531,600;    0,000
 505,47;  841,000;  282,800;    0,000
 505,75;  734,000;  199,600;    0,000
 506,02;  705,000;    1,600;    0,000
 506,30;  805,000;  615,200;    0,000
 506,58;  700,000;   28,100;    0,000
 506,86;  878,000; 1053,000;    0,000
 507,14;  874,000;  938,800;    0,000
 507,41;  572,000; -212,600;    0,000
 507,69;  831,000;  233,500;    0,000
 507,97;  847,000;  860,500;    0,000
 508,25;  800,000;  273,400;    0,000
 508,52;  678,000;  148,400;    0,000
 508,80;  873,000;  687,100;    0,000
 509,08;  745,000; 1550,700;    0,000
 509,36;  890,000;  756,300;    0,000
 509,64;  651,000;  180,000;    0,000
 509,91;  706,000;  456,500;    0,000
 510,19;  678,000;  703,900;    0,000
 510,47;  705,000;  513,500;    0,000
 510,75;  744,000; 1156,300;    0,000
 511,02;  774,000; 1283,900;    0,000
 511,30; 1004,000; 2376,100;    0,000
 511,58;  912,000; 1374,500;    0,000
 511,86;  794,000; 1559,800;    0,000
 512,13;  769,000; 1843,100;    0,000
 512,41; 1090,000; 2656,200;    0,000
 512,69;  919,000; 2448,600;    0,000
 512,97;  817,000; 2264,000;    0,000
 513,24; 1036,000; 2091,700;    0,000
 513,52;  728,000; 1793,100;    0,000
 513,80;  908,000; 2991,800;    0,000
 514,07;  885,000; 2713,700;    0,000
 514,35;  865,000; 2679,500;    0,000
 514,63;  735,000; 2343,900;    0,000
 514,91;  773,000; 2674,500;    0,000
 515,18;  785,000; 2714,900;    0,000
 515,46; 1061,000; 3847,400;    0,000
 515,74;  908,000; 3272,900;    0,000
 516,01; 1052,000; 4409,300;    0,000
 516,29; 1124,000; 4952,000;    0,000
 516,57;  905,000; 3776,000;    0,000
 516,85;  810,000; 3761,600;    0,000
 517,12;  841,000; 3861,500;    0,000
 517,40;  871,000; 4444,400;    0,000
 517,68; 1001,000; 4509,100;    0,000
 517,95;  968,000; 5313,900;    0,000
 518,23; 1028,000; 5641,700;    0,000
 518,51;  894,000; 6147,700;    0,000
 518,78;  904,000; 5418,700;    0,000
 519,06; 1038,000; 6688,300;    0,000
 519,34; 1035,000; 7071,800;    0,000
 519,61;  829,000; 6126,100;    0,000
 519,89;  994,000; 6965,500;    0,000
 520,17; 1009,000; 7597,000;    0,000
 520,44; 1168,000; 8301,700;    0,000
 520,72; 1087,000; 8449,900;    0,000
 521,00;  855,000; 8459,300;    0,000
 521,27; 1022,000; 9044,400;    0,000
 521,55; 1129,000; 9640,800;    0,000
 521,83; 1331,000;11201,600;    0,000
 522,10; 1414,000;10641,700;    0,000
 522,38; 1019,000;10761,000;    0,000
 522,66; 1012,000;10207,600;    0,000
 522,93;  778,000;11114,300;    0,000
 523,21; 1044,000;11711,200;    0,000
 523,49;  984,000;11754,600;    0,000
 523,76; 1030,000;12826,800;    0,000
 524,04; 1139,000;13406,000;    0,000
 524,32;  884,000;13543,400;    0,000
 524,59; 1101,000;15112,400;    0,000
 524,87; 1097,000;15253,900;    0,000
 525,14; 1290,000;16868,400;    0,000
 525,42; 1144,000;16039,800;    0,000
 525,70; 1149,000;17283,199;    0,000
 525,97; 1469,000;18680,900;    0,000
 526,25; 1080,000;18773,600;    0,000
 526,52; 1210,000;19217,301;    0,000
 526,80; 1221,000;19819,801;    0,000
 527,08; 1205,000;20698,199;    0,000
 527,35; 1058,000;21093,500;    0,000
 527,63; 1213,000;23168,801;    0,000
 527,91; 1094,000;23039,900;    0,000
 528,18; 1173,000;23777,600;    0,000
 528,46; 1296,000;24377,600;    0,000
 528,73; 1156,000;25470,699;    0,000
 529,01; 1252,000;26645,801;    0,000
 529,28; 1288,000;27044,699;    0,000
 529,56; 1324,000;28873,801;    0,000
 529,84; 1377,000;29689,400;    0,000
 530,11; 1239,000;29824,199;    0,000
 530,39; 1265,000;31255,500;    0,000
 530,66; 1159,000;32119,801;    0,000
 530,94; 1337,000;33280,199;    0,000
 531,22; 1274,000;34168,801;    0,000
 531,49; 1382,000;35731,102;    0,000
 531,77; 1238,000;36637,500;    0,000
 532,04; 1358,000;38177,199;    0,000
 532,32; 1380,000;39223,398;    0,000
 532,59; 1320,000;39853,398;    0,000
 532,87; 1446,000;41474,301;    0,000
 533,14; 1444,000;42684,102;    0,000
 533,42; 1324,000;43903,602;    0,000
 533,70; 1455,000;44957,301;    0,000
 533,97; 1353,000;46357,898;    0,000
 534,25; 1366,000;47585,398;    0,000
 534,52; 1447,000;49170,801;    0,000
 534,80; 1511,000;50903,301;    0,000
 535,07; 1627,000;52664,000;    0,000
 535,35; 1625,000;53380,602;    0,000
 535,62; 1424,000;54923,102;    0,000
 535,90; 1248,000;55666,898;    0,000
 536,17; 1619,000;58219,500;    0,000
 536,45; 1404,000;58571,602;    0,000
 536,72; 1428,000;60280,602;    0,000
 537,00; 1725,000;61783,500;    0,000
 537,27; 1745,000;63138,898;    0,000
 537,55; 1494,000;63066,602;    0,000
 537,82; 1517,000;63167,301;    0,000
 538,10; 1673,000;63127,602;    0,000
 538,37; 1510,000;63167,301;    0,000
 538,65; 1491,000;63127,602;    0,000
 538,92; 1744,000;63167,301;    0,000
 539,20; 2033,000;63127,602;    0,000
 539,47; 1756,000;63167,301;    0,000
 539,75; 1692,000;63127,602;    0,000
 540,02; 1793,000;63167,301;    0,000
 540,30; 1687,000;63127,602;    0,000
 540,57; 1906,000;63167,301;    0,000
 540,85; 1921,000;63127,602;    0,000
 541,12; 1777,000;63167,301;    0,000
 541,40; 1977,000;63127,602;    0,000
 541,67; 1841,000;63167,301;    0,000
 541,95; 1844,000;63127,602;    0,000
 542,22; 2344,000;63167,301;    0,000
 542,50; 1917,000;63127,602;    0,000
 542,77; 1964,000;63167,301;    0,000
 543,05; 2105,000;63127,602;    0,000
 543,32; 1993,000;63167,301;    0,000
 543,60; 2011,000;63127,602;    0,000
 543,87; 1854,000;63167,301;    0,000
 544,14; 2147,000;63127,602;    0,000
 544,42; 2200,000;63167,301;    0,000
 544,69; 2369,000;63127,602;    0,000
 544,97; 1959,000;63167,301;    0,000
 545,24; 2230,000;63127,602;    0,000
 545,52; 2197,000;63167,301;    0,000
 545,79; 2381,000;63127,602;    0,000
 546,07; 2294,000;63167,301;    0,000
 546,34; 2334,000;63127,602;    0,000
 546,61; 2506,000;63167,301;    0,000
 546,89; 2371,000;63127,602;    0,000
 547,16; 2428,000;63167,301;    0,000
 547,44; 2290,000;63127,602;    0,000
 547,71; 2310,000;63167,301;    0,000
 547,98; 2438,000;63127,602;    0,000
 548,26; 2455,000;63167,301;    0,000
 548,53; 2423,000;63127,602;    0,000
 548,81; 2472,000;63167,301;    0,000
 549,08; 2452,000;63127,602;    0,000
 549,36; 2682,000;63167,301;    0,000
 549,63; 2658,000;63127,602;    0,000
 549,90; 2549,000;63167,301;    0,000
 550,18; 2669,000;63127,602;    0,000
 550,45; 2485,000;63167,301;    0,000
 550,72; 2630,000;63127,602;    0,000
 551,00; 2746,000;63167,301;    0,000
 551,27; 2775,000;63127,602;    0,000
 551,55; 2674,000;63167,301;    0,000
 551,82; 2957,000;63127,602;    0,000
 552,09; 2756,000;63167,301;    0,000
 552,37; 2872,000;63127,602;    0,000
 552,64; 2897,000;63167,301;    0,000
 552,91; 2868,000;63127,602;    0,000
 553,19; 2866,000;63167,301;    0,000
 553,46; 3077,000;63127,602;    0,000
 553,74; 3191,000;63167,301;    0,000
 554,01; 3099,000;63127,602;    0,000
 554,28; 3165,000;63167,301;    0,000
 554,56; 3140,000;63127,602;    0,000
 554,83; 3282,000;63167,301;    0,000
 555,10; 3420,000;63127,602;    0,000
 555,38; 3295,000;63167,301;    0,000
 555,65; 3267,000;63127,602;    0,000
 555,92; 3705,000;63167,301;    0,000
 556,20; 3514,000;63127,602;    0,000
 556,47; 3539,000;63167,301;    0,000
 556,74; 3620,000;63127,602;    0,000
 557,02; 3549,000;63167,301;    0,000
 557,29; 3729,000;63127,602;    0,000
 557,56; 3388,000;63167,301;    0,000
 557,84; 3554,000;63127,602;    0,000
 558,11; 3929,000;63167,301;    0,000
 558,38; 3995,000;63127,602;    0,000
 558,66; 4106,000;63167,301;    0,000
 558,93; 4037,000;63127,602;    0,000
 559,20; 3850,000;63167,301;    0,000
 559,48; 4235,000;63127,602;    0,000
 559,75; 4199,000;63167,301;    0,000
 560,02; 4248,000;63127,602;    0,000
 560,29; 4534,000;63167,301;    0,000
 560,57; 4096,000;63127,602;    0,000
 560,84; 4551,000;63167,301;    0,000
 561,11; 4342,000;63127,602;    0,000
 561,39; 4439,000;63167,301;    0,000
 561,66; 4552,000;63127,602;    0,000
 561,93; 4365,000;63167,301;    0,000
 562,20; 4586,000;63127,602;    0,000
 562,48; 4726,000;63167,301;    0,000
 562,75; 4662,000;63127,602;    0,000
 563,02; 4975,000;63167,301;    0,000
 563,30; 4717,000;63127,602;    0,000
 563,57; 5100,000;63167,301;    0,000
 563,84; 5148,000;63127,602;    0,000
 564,11; 5402,000;63167,301;    0,000
 564,39; 5334,000;63127,602;    0,000
 564,66; 5384,000;63167,301;    0,000
 564,93; 5491,000;63127,602;    0,000
 565,20; 5619,000;63167,301;    0,000
 565,48; 5576,000;63127,602;    0,000
 565,75; 7352,000;63167,301;    0,000
 566,02; 5827,000;63127,602;    0,000
 566,29; 6079,000;63167,301;    0,000
 566,57; 5856,000;63127,602;    0,000
 566,84; 5875,000;63167,301;    0,000
 567,11; 6205,000;63127,602;    0,000
 567,38; 6391,000;63167,301;    0,000
 567,65; 6424,000;63127,602;    0,000
 567,93; 6247,000;63167,301;    0,000
 568,20; 6474,000;63127,602;    0,000
 568,47; 6586,000;63167,301;    0,000
 568,74; 6772,000;63127,602;    0,000
 569,02; 6797,000;63167,301;    0,000
 569,29; 7146,000;63127,602;    0,000
 569,56; 6706,000;63167,301;    0,000
 569,83; 6892,000;63127,602;    0,000
 570,10; 7593,000;63167,301;    0,000
 570,38; 7439,000;63127,602;    0,000
 570,65; 7176,000;63167,301;    0,000
 570,92; 7288,000;63127,602;    0,000
 571,19; 7737,000;63167,301;    0,000
 571,46; 7729,000;63127,602;    0,000
 571,74; 7745,000;63167,301;    0,000
 572,01; 8351,000;63127,602;    0,000
 572,28; 8331,000;63167,301;    0,000
 572,55; 8393,000;63127,602;    0,000
 572,82; 8818,000;63167,301;    0,000
 573,09; 8689,000;63127,602;    0,000
 573,37; 8871,000;63167,301;    0,000
 573,64; 8704,000;63127,602;    0,000
 573,91; 8856,000;63167,301;    0,000
 574,18; 8734,000;63127,602;    0,000
 574,45; 8870,000;63167,301;    0,000
 574,72; 9272,000;63127,602;    0,000
 575,00; 9347,000;63167,301;    0,000
 575,27; 9813,000;63127,602;    0,000
 575,54; 9906,000;63167,301;    0,000
 575,81;10302,000;63127,602;    0,000
 576,08;10067,000;63167,301;    0,000
 576,35;10164,000;63127,602;    0,000
 576,63;10836,000;63167,301;    0,000
 576,90;10702,000;63127,602;    0,000
 577,17;10472,000;63167,301;    0,000
 577,44;10912,000;63127,602;    0,000
 577,71;11277,000;63167,301;    0,000
 577,98;11373,000;63127,602;    0,000
 578,25;11244,000;63167,301;    0,000
 578,52;11295,000;63127,602;    0,000
 578,80;11543,000;63167,301;    0,000
 579,07;11661,000;63127,602;    0,000
 579,34;11904,000;63167,301;    0,000
 579,61;12243,000;63127,602;    0,000
 579,88;12619,000;63167,301;    0,000
 580,15;12538,000;63127,602;    0,000
 580,42;12634,000;63167,301;    0,000
 580,69;12477,000;63127,602;    0,000
 580,96;13293,000;63167,301;    0,000
 581,23;13178,000;63127,602;    0,000
 581,51;13102,000;63167,301;    0,000
 581,78;13806,000;63127,602;    0,000
 582,05;13788,000;63167,301;    0,000
 582,32;14083,000;63127,602;    0,000
 582,59;14278,000;63167,301;    0,000
 582,86;14566,000;63127,602;    0,000
 583,13;14792,000;63167,301;    0,000
 583,40;15081,000;63127,602;    0,000
 583,67;14827,000;63167,301;    0,000
 583,94;15012,000;63127,602;    0,000
 584,21;15488,000;63167,301;    0,000
 584,48;15761,000;63127,602;    0,000
 584,75;15644,000;63167,301;    0,000
 585,03;15796,000;63127,602;    0,000
 585,30;15713,000;63167,301;    0,000
 585,57;16307,000;63127,602;    0,000
 585,84;16660,000;63167,301;    0,000
 586,11;16871,000;63127,602;    0,000
 586,38;16655,000;63167,301;    0,000
 586,65;16833,000;63127,602;    0,000
 586,92;17119,000;63167,301;    0,000
 587,19;17657,000;63127,602;    0,000
 587,46;17769,000;63167,301;    0,000
 587,73;17940,000;63127,602;    0,000
 588,00;18050,000;63167,301;    0,000
 588,27;17632,000;63123,898;    0,000
 588,54;18204,000;62757,000;    0,000
 588,81;18619,000;62646,699;    0,000
 589,08;18961,000;61756,301;    0,000
 589,35;19010,000;60706,602;    0,000
 589,62;19269,000;60385,898;    0,000
 589,89;19441,000;59329,000;    0,000
 590,16;19595,000;58022,699;    0,000
 590,43;20373,000;57529,898;    0,000
 590,70;20240,000;57330,301;    0,000
 590,97;20469,000;55502,500;    0,000
 591,24;20354,000;54541,398;    0,000
 591,51;20678,000;53414,602;    0,000
 591,78;21080,000;52291,801;    0,000
 592,05;20969,000;51138,301;    0,000
 592,32;21374,000;52011,301;    0,000
 592,59;21416,000;49937,301;    0,000
 592,86;21634,000;49275,000;    0,000
 593,13;21433,000;47284,398;    0,000
 593,40;21422,000;46529,398;    0,000
 593,67;22240,000;46957,898;    0,000
 593,94;22605,000;44459,500;    0,000
 594,21;22950,000;45089,301;    0,000
 594,48;22828,000;44295,699;    0,000
 594,75;22164,000;42664,699;    0,000
 595,02;22577,000;41676,102;    0,000
 595,29;23439,000;41435,801;    0,000
 595,56;23076,000;40149,000;    0,000
 595,83;23367,000;39124,801;    0,000
 596,10;23741,000;38819,500;    0,000
 596,37;23383,000;37373,500;    0,000
 596,63;24263,000;38644,301;    0,000
 596,90;23537,000;36625,699;    0,000
 597,17;23645,000;35810,898;    0,000
 597,44;24019,000;35013,602;    0,000
 597,71;23991,000;34583,301;    0,000
 597,98;24262,000;33900,801;    0,000
 598,25;24428,000;32601,100;    0,000
 598,52;24889,000;32634,199;    0,000
 598,79;23925,000;31850,900;    0,000
 599,06;24578,000;30042,801;    0,000
 599,33;24450,000;29655,900;    0,000
 599,60;24947,000;29462,199;    0,000
 599,87;24198,000;28816,699;    0,000
 600,13;24861,000;28292,199;    0,000
 600,40;24860,000;28527,199;    0,000
 600,67;25006,000;27125,301;    0,000
 600,94;24443,000;26166,400;    0,000
 601,21;24594,000;25900,600;    0,000
 601,48;24912,000;26134,699;    0,000
 601,75;24741,000;25100,600;    0,000
 602,02;25188,000;24694,100;    0,000
 602,29;25018,000;23532,801;    0,000
 602,56;25030,000;23479,301;    0,000
 602,82;24035,000;22236,699;    0,000
 603,09;24924,000;22145,801;    0,000
 603,36;24791,000;21423,000;    0,000
 603,63;24860,000;21260,000;    0,000
 603,90;24088,000;19984,199;    0,000
 604,17;24553,000;20095,100;    0,000
 604,44;24245,000;19762,600;    0,000
 604,70;24031,000;18981,699;    0,000
 604,97;24223,000;18932,000;    0,000
 605,24;24053,000;18677,900;    0,000
 605,51;24573,000;18311,801;    0,000
 605,78;23872,000;18562,301;    0,000
 606,05;24198,000;16589,000;    0,000
 606,32;23989,000;16978,400;    0,000
 606,58;23573,000;16046,900;    0,000
 606,85;24100,000;17064,801;    0,000
 607,12;23723,000;15044,100;    0,000
 607,39;23026,000;15889,400;    0,000
 607,66;23157,000;15000,700;    0,000
 607,93;22946,000;14625,900;    0,000
 608,19;22747,000;14486,400;    0,000
 608,46;22585,000;14527,300;    0,000
 608,73;22038,000;13276,500;    0,000
 609,00;22014,000;13381,400;    0,000
 609,27;22020,000;13447,600;    0,000
 609,53;21985,000;12830,500;    0,000
 609,80;21709,000;12588,100;    0,000
 610,07;21164,000;12418,500;    0,000
 610,34;20888,000;11442,500;    0,000
 610,61;20947,000;10761,700;    0,000
 610,88;20929,000;10905,800;    0,000
 611,14;21074,000;12050,300;    0,000
 611,41;20809,000;10563,000;    0,000
 611,68;20189,000;10329,500;    0,000
 611,95;19748,000;10658,600;    0,000
 612,21;19794,000;10494,400;    0,000
 612,48;19332,000; 9806,100;    0,000
 612,75;19270,000; 9908,800;    0,000
 613,02;19013,000; 9677,000;    0,000
 613,29;18649,000; 8462,100;    0,000
 613,55;18436,000; 8708,400;    0,000
 613,82;18263,000; 9413,800;    0,000
 614,09;18452,000; 8267,700;    0,000
 614,36;18246,000; 8924,400;    0,000
 614,62;17849,000; 8302,100;    0,000
 614,89;17511,000; 8423,400;    0,000
 615,16;17386,000; 8004,000;    0,000
 615,43;16551,000; 7240,000;    0,000
 615,69;16702,000; 7084,400;    0,000
 615,96;16496,000; 7020,300;    0,000
 616,23;16042,000; 6564,700;    0,000
 616,50;15884,000; 6879,800;    0,000
 616,76;15528,000; 6440,800;    0,000
 617,03;15166,000; 6116,400;    0,000
 617,30;15421,000; 5726,400;    0,000
 617,57;14670,000; 5878,900;    0,000
 617,83;15191,000; 5707,400;    0,000
 618,10;14701,000; 6388,800;    0,000
 618,37;13886,000; 5423,300;    0,000
 618,63;13826,000; 5643,000;    0,000
 618,90;13734,000; 4728,900;    0,000
 619,17;13469,000; 5577,200;    0,000
 619,44;13527,000; 6092,700;    0,000
 619,70;13232,000; 5775,200;    0,000
 619,97;13046,000; 4122,700;    0,000
 620,24;12426,000; 4276,800;    0,000
 620,50;12293,000; 4511,200;    0,000
 620,77;12191,000; 4553,500;    0,000
 621,04;12241,000; 3902,100;    0,000
 621,30;11592,000; 4366,300;    0,000
 621,57;11274,000; 3960,900;    0,000
 621,84;11182,000; 3931,100;    0,000
 622,11;11286,000; 3530,400;    0,000
 622,37;10914,000; 4384,200;    0,000
 622,64;10433,000; 3697,600;    0,000
 622,91;10364,000; 3401,300;    0,000
 623,17;10104,000; 3497,900;    0,000
 623,44;10322,000; 3649,300;    0,000
 623,71; 9880,000; 2682,100;    0,000
 623,97; 9574,000; 2807,200;    0,000
 624,24; 9505,000; 2650,700;    0,000
 624,51; 9215,000; 2624,400;    0,000
 624,77; 9400,000; 2867,200;    0,000
 625,04; 8547,000; 2618,700;    0,000
 625,30; 8880,000; 2312,600;    0,000
 625,57; 8866,000; 3687,900;    0,000
 625,84; 8676,000; 3669,800;    0,000
 626,10; 8271,000; 2755,900;    0,000
 626,37; 8176,000; 2982,500;    0,000
 626,64; 7869,000; 2315,800;    0,000
 626,90; 7882,000; 2315,000;    0,000
 627,17; 7527,000; 1813,900;    0,000
 627,44; 7486,000; 2269,100;    0,000
 627,70; 7693,000; 3282,200;    0,000
 627,97; 7435,000; 2355,400;    0,000
 628,23; 6856,000; 1814,100;    0,000
 628,50; 6686,000; 1362,200;    0,000
 628,77; 6878,000; 2059,300;    0,000
 629,03; 6635,000; 1846,000;    0,000
 629,30; 6881,000; 2142,100;    0,000
 629,56; 6317,000; 1449,300;    0,000
 629,83; 6314,000; 1588,900;    0,000
 630,10; 6010,000; 1784,500;    0,000
 630,36; 5727,000; 1500,900;    0,000
 630,63; 6319,000; 2858,900;    0,000
 630,89; 5348,000; 1273,800;    0,000
 631,16; 5488,000; 1363,900;    0,000
 631,43; 5742,000; 2752,300;    0,000
 631,69; 5572,000; 1310,400;    0,000
 631,96; 5375,000; 1826,100;    0,000
 632,22; 5379,000; 1400,300;    0,000
 632,49; 4757,000;  789,600;    0,000
 632,75; 4798,000; 1153,400;    0,000
 633,02; 4683,000; 1418,200;    0,000
 633,29; 4708,000; 1872,200;    0,000
 633,55; 4899,000; 1618,000;    0,000
 633,82; 4743,000; 1593,800;    0,000
 634,08; 4570,000; 1572,200;    0,000
 634,35; 4420,000; 1598,100;    0,000
 634,61; 4123,000;  366,500;    0,000
 634,88; 4130,000;  452,400;    0,000
 635,14; 4327,000; 1404,300;    0,000
 635,41; 4050,000; 1348,300;    0,000
 635,68; 4187,000; 1622,700;    0,000
 635,94; 3840,000; 1521,100;    0,000
 636,21; 3976,000; 1536,400;    0,000
 636,47; 3928,000; 1242,700;    0,000
 636,74; 3842,000; 1809,300;    0,000
 637,00; 3840,000;  916,100;    0,000
 637,27; 3311,000; 1011,000;    0,000
 637,53; 3633,000;  162,300;    0,000
 637,80; 3459,000;  577,000;    0,000
 638,06; 3624,000; 2100,700;    0,000
 638,33; 3001,000;  944,000;    0,000
 638,59; 3286,000;  611,600;    0,000
 638,86; 2938,000;  620,500;    0,000
 639,12; 2982,000;  790,700;    0,000
 639,39; 3229,000; 1356,200;    0,000
 639,65; 3379,000; 1306,700;    0,000
 639,92; 2814,000;  882,200;    0,000
 640,18; 2936,000;   24,200;    0,000
 640,45; 3074,000; 2494,900;    0,000
 640,71; 2649,000;  177,300;    0,000
 640,98; 2711,000;  663,800;    0,000
 641,24; 2618,000;  818,700;    0,000
 641,51; 2493,000;  449,500;    0,000
 641,77; 2688,000;  843,900;    0,000
 642,04; 2826,000; 1490,700;    0,000
 642,30; 2568,000;  361,700;    0,000
 642,57; 2402,000; 1033,000;    0,000
 642,83; 2293,000;  195,200;    0,000
 643,10; 2407,000;  452,900;    0,000
 643,36; 2190,000; -105,900;    0,000
 643,62; 2455,000; 1451,100;    0,000
 643,89; 2360,000;  281,400;    0,000
 644,15; 2438,000; 1563,700;    0,000
 644,42; 2550,000;  730,700;    0,000
 644,68; 2286,000;  777,800;    0,000
 644,95; 2408,000; 2010,400;    0,000
 645,21; 2339,000; 1203,000;    0,000
 645,48; 2152,000;  971,500;    0,000
 645,74; 1892,000;  182,500;    0,000
 646,00; 2030,000;  584,700;    0,000
 646,27; 2195,000;  490,600;    0,000
 646,53; 1874,000; -233,400;    0,000
 646,80; 1743,000; -234,200;    0,000
 647,06; 2005,000;  617,100;    0,000
 647,32; 1958,000; 1067,000;    0,000
 647,59; 1800,000;  -25,200;    0,000
 647,85; 1576,000; -225,400;    0,000
 648,12; 1902,000;  318,900;    0,000
 648,38; 1994,000; 1019,500;    0,000
 648,65; 1854,000;  630,600;    0,000
 648,91; 1751,000;  263,400;    0,000
 649,17; 1901,000;  227,800;    0,000
 649,44; 1772,000;   55,100;    0,000
 649,70; 1836,000;    1,400;    0,000
 649,96; 1808,000; 1414,000;    0,000
 650,23; 1450,000; -316,100;    0,000
 650,49; 1522,000;  148,600;    0,000
 650,76; 1707,000;  -36,800;    0,000
 651,02; 1517,000;  370,100;    0,000
 651,28; 1671,000;  277,000;    0,000
 651,55; 1556,000;  -44,500;    0,000
 651,81; 1694,000;  389,800;    0,000
 652,07; 1719,000;  923,500;    0,000
 652,34; 1659,000;  292,400;    0,000
 652,60; 1549,000;  -93,500;    0,000
 652,87; 1633,000;  809,400;    0,000
 653,13; 1368,000; -273,400;    0,000
 653,39; 1648,000;  105,100;    0,000
 653,66; 1503,000; -372,900;    0,000
 653,92; 1497,000;  -24,400;    0,000
 654,18; 1398,000;  -79,900;    0,000
 654,45; 1443,000;  325,100;    0,000
 654,71; 1273,000; -670,300;    0,000
 654,97; 1294,000; -495,800;    0,000
 655,24; 1470,000;   84,300;    0,000
 655,50; 1444,000; -164,900;    0,000
 655,76; 1351,000;   56,000;    0,000
 656,03; 1507,000;   98,300;    0,000
 656,29; 1346,000; -128,800;    0,000
 656,55; 1306,000; -520,900;    0,000
 656,81; 1379,000;  476,400;    0,000
 657,08; 1380,000;  487,500;    0,000
 657,34; 1305,000; -457,300;    0,000
 657,60; 1432,000; -272,800;    0,000
 657,87; 1362,000;  230,500;    0,000
 658,13; 1630,000;  394,400;    0,000
 658,39; 1163,000; -260,100;    0,000
 658,66; 1269,000; -514,000;    0,000
 658,92; 1389,000; -241,800;    0,000
 659,18; 1318,000; -439,900;    0,000
 659,44; 1368,000;  547,700;    0,000
 659,71; 1256,000; -453,100;    0,000
 659,97; 1494,000;  702,000;    0,000
 660,23; 1383,000; -207,900;    0,000
 660,50; 1334,000; -107,500;    0,000
 660,76; 1281,000; -327,200;    0,000
 661,02; 1415,000;  120,200;    0,000
 661,28; 1558,000;  255,100;    0,000
 661,55; 1325,000;  192,200;    0,000
 661,81; 1316,000; -734,700;    0,000
 662,07; 1346,000; -231,900;    0,000
 662,33; 1262,000; -462,800;    0,000
 662,60; 1090,000; -711,100;    0,000
 662,86; 1767,000;  607,200;    0,000
 663,12; 1431,000;  526,200;    0,000
 663,38; 1400,000; -208,300;    0,000
 663,65; 1418,000;  505,400;    0,000
 663,91; 1664,000;  470,000;    0,000
 664,17; 1467,000;   -6,500;    0,000
 664,43; 1346,000; -109,000;    0,000
 664,69; 1391,000; -642,400;    0,000
 664,96; 1446,000;  308,900;    0,000
 665,22; 1263,000; -163,300;    0,000
 665,48; 1422,000;  -62,400;    0,000
 665,74; 1440,000;  314,700;    0,000
 666,01; 1706,000;  586,100;    0,000
 666,27; 1350,000; -604,200;    0,000
 666,53; 1382,000;   27,300;    0,000
 666,79; 1318,000;  -96,700;    0,000
 667,05; 1293,000; -569,700;    0,000
 667,32; 1422,000; -424,200;    0,000
 667,58; 1512,000;  241,200;    0,000
 667,84; 1396,000;  -73,800;    0,000
 668,10; 1428,000; -523,500;    0,000
 668,36; 1726,000; 1288,600;    0,000
 668,63; 1548,000;  -92,400;    0,000
 668,89; 1453,000; -321,200;    0,000
 669,15; 1519,000; -703,900;    0,000
 669,41; 1755,000; 1249,600;    0,000
 669,67; 1520,000; -242,900;    0,000
 669,93; 1587,000;  433,200;    0,000
 670,20; 1453,000;  -31,500;    0,000
 670,46; 1423,000;  -56,000;    0,000
 670,72; 1654,000;  265,900;    0,000
 670,98; 1813,000;  916,500;    0,000
 671,24; 1570,000;  257,300;    0,000
 671,50; 1546,000;  816,800;    0,000
 671,76; 1566,000;  215,300;    0,000
 672,03; 1736,000;  767,800;    0,000
 672,29; 1623,000;  -57,700;    0,000
 672,55; 1360,000; -807,200;    0,000
 672,81; 1506,000; -316,400;    0,000
 673,07; 1464,000; -195,700;    0,000
 673,33; 1627,000; -264,200;    0,000
 673,59; 1675,000;  346,900;    0,000
 673,86; 1479,000; -303,000;    0,000
 674,12; 1810,000;  525,400;    0,000
 674,38; 1769,000;  -86,500;    0,000
 674,64; 1777,000;  602,100;    0,000
 674,90; 1632,000; -444,000;    0,000
 675,16; 1711,000;  319,400;    0,000
 675,42; 1862,000;  488,200;    0,000
 675,68; 1686,000;  308,100;    0,000
 675,94; 1797,000;  185,200;    0,000
 676,21; 1667,000; -502,900;    0,000
 676,47; 1742,000;  168,800;    0,000
 676,73; 1446,000; -733,400;    0,000
 676,99; 1714,000;  105,800;    0,000
 677,25; 1884,000;  787,300;    0,000
 677,51; 1736,000; -294,500;    0,000
 677,77; 1806,000;  284,500;    0,000
 678,03; 1956,000; 1015,600;    0,000
 678,29; 1674,000; -614,500;    0,000
 678,55; 1783,000;    7,500;    0,000
 678,81; 1481,000; -424,000;    0,000
 679,07; 1878,000;  512,100;    0,000
 679,33; 1617,000; -160,500;    0,000
 679,59; 2042,000;  589,800;    0,000
 679,86; 1719,000; -335,200;    0,000
 680,12; 1701,000; -919,100;    0,000
 680,38; 1804,000;  -81,900;    0,000
 680,64; 1903,000;  408,500;    0,000
 680,90; 1896,000;  367,100;    0,000
 681,16; 1904,000; -230,000;    0,000
 681,42; 2006,000;   40,100;    0,000
 681,68; 1893,000;   38,300;    0,000
 681,94; 1809,000; -359,900;    0,000
 682,20; 1905,000; -758,800;    0,000
 682,46; 1881,000; -710,400;    0,000
 682,72; 1938,000; -471,600;    0,000
 682,98; 1798,000; -429,300;    0,000
 683,24; 2139,000;  297,200;    0,000
 683,50; 1988,000;  245,100;    0,000
 683,76; 2017,000;  -50,400;    0,000
 684,02; 2178,000;  178,800;    0,000
 684,28; 1752,000; -889,300;    0,000
 684,54; 1877,000; -553,600;    0,000
 684,80; 2009,000; -825,100;    0,000
 685,06; 1808,000; -751,000;    0,000
 685,32; 2056,000; -192,300;    0,000
 685,58; 1985,000; -627,700;    0,000
 685,84; 1959,000; -589,500;    0,000
 686,10; 2206,000;  560,700;    0,000
 686,36; 2107,000; -205,800;    0,000
 686,62; 2163,000; -364,600;    0,000
 686,88; 2241,000; -283,800;    0,000
 687,14; 2211,000; -668,400;    0,000
 687,40; 2288,000; -233,100;    0,000
 687,66; 2081,000;  -85,500;    0,000
 687,92; 2086,000; -397,800;    0,000
 688,18; 2298,000; -171,300;    0,000
 688,44; 2388,000;  -82,000;    0,000
 688,70; 2373,000;  102,700;    0,000
 688,96; 2385,000; -121,100;    0,000
 689,22; 2254,000; -196,900;    0,000
 689,48; 2430,000; -197,800;    0,000
 689,73; 2483,000; -407,000;    0,000
 689,99; 2517,000;  -88,900;    0,000
 690,25; 2330,000; -167,600;    0,000
 690,51; 2594,000;  119,600;    0,000
 690,77; 2380,000; -456,900;    0,000
 691,03; 2770,000;  -16,200;    0,000
 691,29; 2682,000; -472,200;    0,000
 691,55; 2542,000; -478,000;    0,000
 691,81; 2958,000; -108,200;    0,000
 692,07; 2909,000; -459,800;    0,000
 692,33; 2846,000;  259,300;    0,000
 692,59; 3170,000;  223,000;    0,000
 692,85; 3038,000;  367,600;    0,000
 693,10; 2988,000; -166,000;    0,000
 693,36; 3054,000;  399,500;    0,000
 693,62; 3122,000;  -52,300;    0,000
 693,88; 3194,000;  175,000;    0,000
 694,14; 3230,000; -148,000;    0,000
 694,40; 3191,000;  -75,700;    0,000
 694,66; 3230,000; -748,700;    0,000
 694,92; 3090,000; -613,100;    0,000
 695,18; 3308,000; -331,800;    0,000
 695,43; 3152,000; -353,100;    0,000
 695,69; 3322,000;  284,500;    0,000
 695,95; 3052,000; -321,000;    0,000
 696,21; 3310,000; -595,700;    0,000
 696,47; 3339,000;  447,000;    0,000
 696,73; 3513,000;  427,500;    0,000
 696,99; 3352,000;  304,200;    0,000
 697,25; 3559,000;  476,800;    0,000
 697,50; 3352,000; -312,600;    0,000
 697,76; 3522,000; -160,700;    0,000
 698,02; 3304,000; -233,900;    0,000
 698,28; 3501,000;  -45,700;    0,000
 698,54; 3589,000;  324,600;    0,000
 698,80; 3579,000; -179,000;    0,000
 699,05; 3376,000; -525,300;    0,000
 699,31; 3537,000; -295,400;    0,000
 699,57; 3518,000; -419,200;    0,000
 699,83; 3637,000; -322,000;    0,000
 700,09; 3801,000;  799,400;    0,000
 700,35; 3505,000; 1292,000;    0,000
 700,60; 3460,000; -700,300;    0,000
 700,86; 3948,000;  383,400;    0,000
 701,12; 3750,000; -134,800;    0,000
 701,38; 4133,000;  808,300;    0,000
 701,64; 4184,000;  572,400;    0,000
 701,89; 4067,000; -531,100;    0,000
 702,15; 4085,000;  271,300;    0,000
 702,41; 4292,000; -322,200;    0,000
 702,67; 4150,000; -582,900;    0,000
 702,93; 4367,000; -275,700;    0,000
 703,18; 4127,000; -271,300;    0,000
 703,44; 4575,000; 1031,600;    0,000
 703,70; 4197,000; -115,300;    0,000
 703,96; 4384,000; -168,400;    0,000
 704,22; 4627,000; 1679,300;    0,000
 704,47; 4434,000;  220,400;    0,000
 704,73; 4559,000;  335,400;    0,000
 704,99; 4599,000;  202,300;    0,000
 705,25; 4667,000; -181,000;    0,000
 705,50; 4628,000;  -64,200;    0,000
 705,76; 4510,000;   59,400;    0,000
 706,02; 4786,000; -280,900;    0,000
 706,28; 4947,000;  729,900;    0,000
 706,53; 4302,000; -404,500;    0,000
 706,79; 4517,000; -355,400;    0,000
 707,05; 4896,000;  600,100;    0,000
 707,31; 4748,000; -237,800;    0,000
 707,56; 4804,000; 1367,600;    0,000
 707,82; 4694,000; -338,600;    0,000
 708,08; 4873,000;  478,100;    0,000
 708,34; 4727,000; -343,400;    0,000
 708,59; 4773,000; -264,900;    0,000
 708,85; 4787,000;  376,500;    0,000
 709,11; 4928,000; -668,400;    0,000
 709,36; 4848,000;  550,200;    0,000
 709,62; 4884,000; -394,200;    0,000
 709,88; 4986,000;  286,900;    0,000
 710,14; 4740,000; -127,400;    0,000
 710,39; 4975,000;  375,200;    0,000
 710,65; 4927,000; -266,900;    0,000
 710,91; 4637,000; -264,600;    0,000
 711,16; 5016,000;  294,100;    0,000
 711,42; 4883,000; -517,700;    0,000
 711,68; 4842,000;   93,600;    0,000
 711,93; 4615,000; -435,500;    0,000
 712,19; 5169,000;  882,200;    0,000
 712,45; 4659,000;  450,100;    0,000
 712,70; 4368,000;   -1,500;    0,000
 712,96; 4634,000;  377,900;    0,000
 713,22; 4134,000; -387,700;    0,000
 713,47; 4342,000; -414,700;    0,000
 713,73; 4200,000; -831,400;    0,000
 713,99; 4039,000; -726,400;    0,000
 714,24; 4166,000; 1586,200;    0,000
 714,50; 3776,000; -761,600;    0,000
 714,76; 3980,000; -539,500;    0,000
 715,01; 3931,000; -484,700;    0,000
 715,27; 3832,000; -269,600;    0,000
 715,53; 4262,000; -217,100;    0,000
 715,78; 4053,000; -200,500;    0,000
 716,04; 3819,000; -163,000;    0,000
 716,30; 4380,000;  284,300;    0,000
 716,55; 3801,000; -373,600;    0,000
 716,81; 4156,000;   93,800;    0,000
 717,07; 4198,000;  162,000;    0,000
 717,32; 4072,000; -334,100;    0,000
 717,58; 4063,000;  141,800;    0,000
 717,83; 4133,000;  504,000;    0,000
 718,09; 3849,000;  199,900;    0,000
 718,35; 3932,000; -444,300;    0,000
 718,60; 4061,000;  107,100;    0,000
 718,86; 4126,000;  703,500;    0,000
 719,11; 3706,000; -297,000;    0,000
 719,37; 3747,000; -337,800;    0,000
 719,63; 3881,000;  267,700;    0,000
 719,88; 4085,000;  768,200;    0,000
 720,14; 3556,000; -497,400;    0,000
 720,39; 3732,000; -377,000;    0,000
 720,65; 3469,000; -668,700;    0,000
 720,91; 3933,000;   72,500;    0,000
 721,16; 3778,000;  609,600;    0,000
 721,42; 3853,000;  105,300;    0,000
 721,67; 3959,000;  610,400;    0,000
 721,93; 3995,000; -563,300;    0,000
 722,18; 4014,000;  457,300;    0,000
 722,44; 3920,000;  292,900;    0,000
 722,69; 3910,000;  816,900;    0,000
 722,95; 3894,000;    2,800;    0,000
 723,21; 3851,000;  217,000;    0,000
 723,46; 4118,000;  575,700;    0,000
 723,72; 3881,000; -267,600;    0,000
 723,97; 3996,000;   83,800;    0,000
 724,23; 3902,000;  594,900;    0,000
 724,48; 4104,000;  769,700;    0,000
 724,74; 3918,000; -130,300;    0,000
 724,99; 4041,000; -553,600;    0,000
 725,25; 3983,000; -120,400;    0,000
 725,50; 4122,000;   26,500;    0,000
 725,76; 4061,000;  894,600;    0,000
 726,01; 3946,000; -304,800;    0,000
 726,27; 4018,000;  -70,700;    0,000
 726,52; 4276,000; -375,800;    0,000
 726,78; 3894,000; -108,200;    0,000
 727,04; 4203,000; -211,900;    0,000
 727,29; 4068,000; -127,100;    0,000
 727,55; 4016,000; -227,600;    0,000
 727,80; 4145,000;    2,000;    0,000
 728,05; 3892,000; -720,800;    0,000
 728,31; 3767,000; -114,800;    0,000
 728,56; 3829,000; -892,800;    0,000
 728,82; 3903,000; -390,300;    0,000
 729,07; 4021,000;   32,700;    0,000
 729,33; 3895,000; -261,000;    0,000
 729,58; 3880,000; -510,700;    0,000
 729,84; 3908,000;   35,800;    0,000
 730,09; 4242,000;  632,400;    0,000
 730,35; 3970,000;  -85,700;    0,000
 730,60; 3770,000; -891,800;    0,000
 730,86; 3883,000;  -45,500;    0,000
 731,11; 3569,000; -872,100;    0,000
 731,37; 3810,000; -323,400;    0,000
 731,62; 3578,000; -303,500;    0,000
 731,88; 3672,000; -471,600;    0,000
 732,13; 3902,000;  142,700;    0,000
 732,38; 4244,000;  591,600;    0,000
 732,64; 4424,000;  357,500;    0,000
 732,89; 4904,000; 1607,500;    0,000
 733,15; 4803,000; -327,100;    0,000
 733,40; 5152,000; -366,100;    0,000
 733,66; 4953,000;  -92,600;    0,000
 733,91; 5471,000;  293,600;    0,000
 734,16; 5267,000; -550,100;    0,000
 734,42; 5443,000;  -96,300;    0,000
 734,67; 5625,000;   98,000;    0,000
 734,93; 5624,000; -443,800;    0,000
 735,18; 7264,000; -375,300;    0,000
 735,43; 5623,000; -456,100;    0,000
 735,69; 5746,000; -343,500;    0,000
 735,94; 5758,000;  514,000;    0,000
 736,20; 5583,000; -323,500;    0,000
 736,45; 5825,000;   81,700;    0,000
 736,70; 5858,000; -432,500;    0,000
 736,96; 5684,000; -328,600;    0,000
 737,21; 5850,000; -271,100;    0,000
 737,47; 5631,000;  139,700;    0,000
 737,72; 5545,000; -654,800;    0,000
 737,97; 5482,000;  -24,100;    0,000
 738,23; 5705,000; -242,600;    0,000
 738,48; 5542,000;  363,600;    0,000
 738,73; 5290,000; -938,400;    0,000
 738,99; 5608,000;  311,000;    0,000
 739,24; 5412,000; -154,800;    0,000
 739,49; 5366,000; -370,300;    0,000
 739,75; 5290,000; -106,300;    0,000
 740,00; 5280,000;  -48,100;    0,000
 740,26; 5525,000;  171,100;    0,000
 740,51; 5221,000;  183,100;    0,000
 740,76; 5340,000; -554,500;    0,000
 741,02; 5100,000;  532,500;    0,000
 741,27; 5011,000;  301,400;    0,000
 741,52; 5194,000;  197,700;    0,000
 741,78; 4831,000; -645,100;    0,000
 742,03; 4991,000;   27,000;    0,000
 742,28; 4925,000;  208,600;    0,000
 742,53; 4525,000; -190,300;    0,000
 742,79; 4412,000; -891,700;    0,000
 743,04; 4093,000; -678,600;    0,000
 743,29; 4196,000;  -89,700;    0,000
 743,55; 4012,000; -197,200;    0,000
 743,80; 3797,000; -613,800;    0,000
 744,05; 4017,000;  587,200;    0,000
 744,31; 4465,000; 1169,800;    0,000
 744,56; 4115,000;  -80,400;    0,000
 744,81; 4355,000; -163,300;    0,000
 745,06; 4620,000;  322,900;    0,000
 745,32; 4643,000;  449,800;    0,000
 745,57; 4400,000; -831,700;    0,000
 745,82; 4962,000; -118,900;    0,000
 746,08; 4935,000;  -32,800;    0,000
 746,33; 5557,000;  285,300;    0,000
 746,58; 5683,000; -628,800;    0,000
 746,83; 6025,000;   34,200;    0,000
 747,09; 6062,000; -211,400;    0,000
 747,34; 6118,000; -491,300;    0,000
 747,59; 6550,000; -418,200;    0,000
 747,84; 6810,000;    4,400;    0,000
 748,10; 6888,000; -128,200;    0,000
 748,35; 7228,000;  736,000;    0,000
 748,60; 6550,000; -744,000;    0,000
 748,85; 7182,000;  411,900;    0,000
 749,11; 6868,000; -372,500;    0,000
 749,36; 7611,000;  395,700;    0,000
 749,61; 7365,000; -775,300;    0,000
 749,86; 7388,000; -290,500;    0,000
 750,12; 7384,000; -580,400;    0,000
 750,37; 7253,000; -340,000;    0,000
 750,62; 7547,000;  -53,300;    0,000
 750,87; 7823,000;  100,900;    0,000
 751,12; 7293,000; -121,600;    0,000
 751,38; 7843,000;  791,500;    0,000
 751,63; 7254,000; -439,600;    0,000
 751,88; 7256,000; -283,500;    0,000
 752,13; 7217,000; -475,700;    0,000
 752,38; 7529,000;   -0,100;    0,000
 752,64; 7469,000;  422,500;    0,000
 752,89; 7026,000;  273,600;    0,000
 753,14; 7113,000;  402,400;    0,000
 753,39; 7217,000;  778,700;    0,000
 753,64; 6770,000;  116,900;    0,000
 753,89; 6751,000;  186,700;    0,000
 754,15; 6600,000; -936,600;    0,000
 754,40; 6499,000;  -89,400;    0,000
 754,65; 6208,000; -654,700;    0,000
 754,90; 5972,000;  463,800;    0,000
 755,15; 6135,000; 1202,800;    0,000
 755,40; 5701,000;  127,700;    0,000
 755,66; 5293,000; -191,300;    0,000
 755,91; 5351,000;  -16,600;    0,000
 756,16; 4799,000;  852,000;    0,000
 756,41; 4346,000; -317,600;    0,000
 756,66; 4326,000; -541,000;    0,000
 756,91; 4091,000; -237,700;    0,000
 757,16; 3951,000; 1452,300;    0,000
 757,42; 4270,000; -614,000;    0,000
 757,67; 4424,000; -384,200;    0,000
 757,92; 4830,000; -215,600;    0,000
 758,17; 5153,000;  -41,600;    0,000
 758,42; 5040,000; -303,600;    0,000
 758,67; 5246,000; -131,700;    0,000
 758,92; 5807,000; -278,500;    0,000
 759,17; 5980,000;  314,900;    0,000
 759,43; 6057,000; -795,400;    0,000
 759,68; 6523,000;  -87,500;    0,000
 759,93; 6920,000; -395,200;    0,000
 760,18; 6809,000;  162,000;    0,000
 760,43; 7205,000; -677,300;    0,000
 760,68; 7658,000;  131,800;    0,000
 760,93; 7504,000;  121,900;    0,000
 761,18; 7417,000;  504,900;    0,000
 761,43; 7579,000;   60,700;    0,000
 761,68; 8088,000;  322,500;    0,000
 761,93; 7836,000; -653,200;    0,000
 762,19; 8003,000; -711,000;    0,000
 762,44; 7815,000; -349,600;    0,000
 762,69; 7825,000; -718,700;    0,000
 762,94; 8037,000; -124,300;    0,000
 763,19; 8041,000;  211,900;    0,000
 763,44; 8454,000;  -11,200;    0,000
 763,69; 8063,000; -201,200;    0,000
 763,94; 8037,000;  729,100;    0,000
 764,19; 8240,000;   55,500;    0,000
 764,44; 8109,000; -335,600;    0,000
 764,69; 8092,000;  323,100;    0,000
 764,94; 7642,000; -104,600;    0,000
 765,19; 7418,000; -695,200;    0,000
 765,44; 7885,000;  -45,800;    0,000
 765,69; 7638,000; -250,800;    0,000
 765,94; 7633,000;  494,700;    0,000
 766,19; 7354,000;  387,800;    0,000
 766,44; 7830,000;  397,200;    0,000
 766,69; 7666,000; -189,600;    0,000
 766,94; 7880,000; -672,200;    0,000
 767,19; 7820,000; -369,000;    0,000
 767,44; 7470,000; -319,800;    0,000
 767,69; 7730,000; -412,300;    0,000
 767,94; 7342,000;  523,200;    0,000
 768,19; 7513,000;   29,100;    0,000
 768,44; 7197,000; -189,200;    0,000
 768,69; 6820,000; -254,300;    0,000
 768,94; 6880,000;  176,800;    0,000
 769,19; 6260,000; -620,100;    0,000
 769,44; 6071,000; -101,100;    0,000
 769,69; 5834,000;  701,900;    0,000
 769,94; 5369,000;  408,700;    0,000
 770,19; 4675,000; -304,400;    0,000
 770,44; 3795,000;   72,400;    0,000
 770,69; 3285,000; -335,400;    0,000
 770,94; 3000,000; -527,200;    0,000
 771,19; 2816,000; -558,000;    0,000
 771,44; 3190,000;  -23,200;    0,000
 771,69; 3021,000; -424,800;    0,000
 771,94; 2901,000; -821,700;    0,000
 772,19; 2893,000; -582,700;    0,000
 772,44; 3111,000; -694,100;    0,000
 772,69; 2998,000; -379,600;    0,000
 772,94; 3093,000; -105,500;    0,000
 773,18; 3158,000;  147,300;    0,000
 773,43; 2955,000; -203,300;    0,000
 773,68; 3019,000;  225,100;    0,000
 773,93; 3114,000;  237,200;    0,000
 774,18; 2950,000;  164,700;    0,000
 774,43; 3014,000; -498,200;    0,000
 774,68; 2567,000; -386,500;    0,000
 774,93; 3086,000; 1068,900;    0,000
 775,18; 2822,000;  396,900;    0,000
 775,43; 2712,000; -148,300;    0,000
 775,68; 2638,000;  549,500;    0,000
 775,93; 2724,000; -310,000;    0,000
 776,17; 2266,000; -570,100;    0,000
 776,42; 2528,000; -246,300;    0,000
 776,67; 2197,000; -140,800;    0,000
 776,92; 2272,000; -143,900;    0,000
 777,17; 2241,000;  283,600;    0,000
 777,42; 1908,000; -661,600;    0,000
 777,67; 1863,000; -512,500;    0,000
 777,92; 1685,000; -459,400;    0,000
 778,16; 1997,000; 1283,900;    0,000
 778,41; 1495,000; -645,300;    0,000
 778,66; 1503,000;  291,600;    0,000
 778,91; 1068,000; -427,000;    0,000
 779,16; 1004,000; -647,600;    0,000
 779,41;  877,000; -604,600;    0,000
 779,66;  719,000;  -78,200;    0,000
 779,90;  634,000; -628,400;    0,000
 780,15;  553,000;  164,700;    0,000
 780,40;  685,000; -439,900;    0,000
 780,65;  516,000; -350,100;    0,000
 780,90;  464,000; -687,900;    0,000
 781,15;  576,000;  -51,400;    0,000
 781,39;  595,000; -132,600;    0,000
 781,64;  590,000; -312,600;    0,000
 781,89;  503,000; -787,900;    0,000
 782,14;  417,000;   33,000;    0,000
 782,39;  439,000; -348,500;    0,000
 782,63;  473,000; -501,300;    0,000
 782,88;  702,000;  169,100;    0,000
 783,13;  519,000;   18,200;    0,000
 783,38;  519,000; -739,700;    0,000
 783,63;  373,000; -662,100;    0,000
 783,87;  355,000;-1008,500;    0,000
 784,12;  388,000; -196,400;    0,000
 784,37;  530,000; -214,600;    0,000
 784,62;  393,000; -447,700;    0,000
 784,87;  717,000;  747,900;    0,000
 785,11;  499,000; -182,600;    0,000
 785,36;  419,000; -329,700;    0,000
 785,61;  410,000; -486,900;    0,000
 785,86;  397,000; -773,600;    0,000
 786,10;  414,000;  439,700;    0,000
 786,35;  430,000; -153,700;    0,000
 786,60;  327,000; -796,300;    0,000
 786,85;  334,000; -243,800;    0,000
 787,09;  466,000;  334,300;    0,000
 787,34;  330,000; -444,800;    0,000
 787,59;  400,000;  102,800;    0,000
 787,84;  464,000; -231,200;    0,000
 788,08;  364,000; -514,200;    0,000
 788,33;  464,000; -380,600;    0,000
 788,58;  434,000; -670,700;    0,000
 788,83;  669,000; -652,700;    0,000
 789,07;  891,000; -108,800;    0,000
 789,32; 1471,000; 1855,400;    0,000
 789,57; 1229,000;  293,500;    0,000
 789,81; 1180,000; -495,000;    0,000
 790,06; 1296,000;   96,600;    0,000
 790,31; 1456,000; -550,200;    0,000
 790,56; 1417,000; -364,400;    0,000
 790,80; 1557,000; -145,300;    0,000
 791,05; 1589,000; -365,800;    0,000
 791,30; 1449,000; -810,700;    0,000
 791,54; 1755,000;    4,800;    0,000
 791,79; 1765,000; -155,900;    0,000
 792,04; 1668,000; -563,900;    0,000
 792,28; 1921,000; -462,600;    0,000
 792,53; 1688,000;  -51,000;    0,000
 792,78; 1930,000;  650,200;    0,000
 793,02; 1954,000; -143,000;    0,000
 793,27; 1907,000;   55,200;    0,000
 793,52; 1826,000; -136,000;    0,000
 793,76; 2013,000;    2,100;    0,000
 794,01; 1938,000;  139,900;    0,000
 794,26; 2060,000;  -84,200;    0,000
 794,50; 2183,000;  536,800;    0,000
 794,75; 2228,000;  -67,800;    0,000
 795,00; 2174,000; -153,000;    0,000
 795,24; 2360,000; -620,500;    0,000
 795,49; 2653,000; -322,000;    0,000
 795,74; 2918,000; -491,200;    0,000
 795,98; 3193,000;  536,800;    0,000
 796,23; 3200,000; -429,000;    0,000
 796,48; 3393,000; -282,800;    0,000
 796,72; 3427,000; -691,600;    0,000
 796,97; 3404,000;  217,100;    0,000
 797,21; 3731,000; -121,200;    0,000
 797,46; 3775,000; -415,600;    0,000
 797,71; 3889,000;   28,500;    0,000
 797,95; 3823,000; -279,100;    0,000
 798,20; 3751,000;  204,400;    0,000
 798,44; 3865,000; -373,200;    0,000
 798,69; 3946,000;  180,300;    0,000
 798,94; 3872,000; -331,000;    0,000
 799,18; 3714,000; -557,800;    0,000
 799,43; 3795,000;   36,300;    0,000
 799,67; 3863,000;   76,900;    0,000
 799,92; 3688,000;   66,300;    0,000
 800,16; 3575,000; -191,000;    0,000
 800,41; 3494,000;  216,800;    0,000
 800,66; 3440,000; -807,200;    0,000
 800,90; 3581,000;  -71,400;    0,000
 801,15; 3313,000;  -21,300;    0,000
 801,39; 3309,000;  355,900;    0,000
 801,64; 3046,000; -301,100;    0,000
 801,88; 2903,000; -437,600;    0,000
 802,13; 2805,000; -191,300;    0,000
 802,38; 2516,000; -574,100;    0,000
 802,62; 2485,000; -496,900;    0,000
 802,87; 2510,000; -479,200;    0,000
 803,11; 2616,000; -404,700;    0,000
 803,36; 2690,000; -402,500;    0,000
 803,60; 2699,000; -324,500;    0,000
 803,85; 2798,000;  576,700;    0,000
 804,09; 2738,000; -237,100;    0,000
 804,34; 3133,000; -368,200;    0,000
 804,58; 3232,000; -446,900;    0,000
 804,83; 3233,000; -316,400;    0,000
 805,07; 3414,000; -713,600;    0,000
 805,32; 3962,000;  292,300;    0,000
 805,56; 4799,000;  350,800;    0,000
 805,81; 5279,000; -294,700;    0,000
 806,05; 5573,000; -508,000;    0,000
 806,30; 6124,000;   50,400;    0,000
 806,54; 6358,000; -437,800;    0,000
 806,79; 6473,000;  285,900;    0,000
 807,03; 6816,000; -493,600;    0,000
 807,28; 7204,000; -184,500;    0,000
 807,52; 7295,000; -241,500;    0,000
 807,77; 7430,000;   93,200;    0,000
 808,01; 7197,000; -616,400;    0,000
 808,26; 7197,000; -182,900;    0,000
 808,50; 7557,000;  666,100;    0,000
 808,75; 7525,000;  -54,800;    0,000
 808,99; 7540,000;  309,400;    0,000
 809,23; 7722,000;  103,200;    0,000
 809,48; 7713,000; -245,100;    0,000
 809,72; 7904,000;  -56,900;    0,000
 809,97; 7787,000; -307,900;    0,000
 810,21; 7911,000; -316,500;    0,000
 810,46; 8008,000; -177,700;    0,000
 810,70; 8222,000;  331,600;    0,000
 810,95; 8397,000; -216,500;    0,000
 811,19; 7845,000;  789,300;    0,000
 811,43; 8350,000;  880,200;    0,000
 811,68; 7997,000;  -28,200;    0,000
 811,92; 8210,000;  520,600;    0,000
 812,17; 7898,000;  461,700;    0,000
 812,41; 7781,000; -711,500;    0,000
 812,65; 7942,000;  136,100;    0,000
 812,90; 8141,000; 1074,900;    0,000
 813,14; 7710,000;  567,200;    0,000
 813,39; 7772,000;  657,200;    0,000
 813,63; 7132,000; -845,800;    0,000
 813,87; 7526,000;  167,600;    0,000
 814,12; 7114,000;  129,400;    0,000
 814,36; 7098,000;  148,400;    0,000
 814,61; 7105,000; 1703,700;    0,000
 814,85; 6683,000;  -68,400;    0,000
 815,09; 6388,000;  636,700;    0,000
 815,34; 6168,000; -660,400;    0,000
 815,58; 5608,000; -263,800;    0,000
 815,82; 5753,000; -141,700;    0,000
 816,07; 4895,000; -543,700;    0,000
 816,31; 4797,000; -233,100;    0,000
 816,56; 4429,000; -139,200;    0,000
 816,80; 4213,000; 1111,300;    0,000
 817,04; 3626,000; -362,500;    0,000
 817,29; 3284,000; -270,600;    0,000
 817,53; 2576,000;  -22,100;    0,000
 817,77; 2427,000;  -20,800;    0,000
 818,02; 1872,000; -400,900;    0,000
 818,26; 1442,000; -502,900;    0,000
 818,50; 1017,000;  856,900;    0,000
 818,75;  499,000;  894,400;    0,000
 818,99;  123,000; -177,700;    0,000
 819,23;  149,000;  401,300;    0,000
 819,48;  -62,000; -500,000;    0,000
 819,72;   -1,000;-1002,300;    0,000
 819,96;   63,000; -281,500;    0,000
 820,20;   28,000; -623,500;    0,000
 820,45;   94,000; -579,500;    0,000
 820,69;  446,000;   35,800;    0,000
 820,93;  409,000; -218,200;    0,000
 821,18;  456,000; -241,300;    0,000
 821,42;  399,000; -354,300;    0,000
 821,66;  500,000; -310,200;    0,000
 821,91;  502,000;  -93,500;    0,000
 822,15;  561,000; -370,500;    0,000
 822,39;  409,000; -613,800;    0,000
 822,63;  990,000; 1887,300;    0,000
 822,88;  739,000;   35,200;    0,000
 823,12;  648,000; -248,400;    0,000
 823,36;  768,000;  218,500;    0,000
 823,60;  827,000;  535,900;    0,000
 823,85;  812,000;  -74,300;    0,000
 824,09;  930,000;  -28,600;    0,000
 824,33;  837,000; -340,000;    0,000
 824,57;  627,000; -941,100;    0,000
 824,82;  795,000;  -12,200;    0,000
 825,06;  827,000; -168,100;    0,000
 825,30;  656,000; -117,200;    0,000
 825,54;  903,000;  458,000;    0,000
 825,79;  719,000; -129,800;    0,000
 826,03;  846,000;  483,200;    0,000
 826,27;  669,000; -493,500;    0,000
 826,51;  807,000; -396,500;    0,000
 826,75;  905,000; -303,300;    0,000
 827,00;  898,000;  476,500;    0,000
 827,24;  930,000; -142,600;    0,000
 827,48;  857,000;  273,100;    0,000
 827,72;  677,000;   18,000;    0,000
 827,96;  661,000; -412,100;    0,000
 828,21;  872,000;  186,500;    0,000
 828,45;  814,000;  190,500;    0,000
 828,69;  866,000;  238,200;    0,000
 828,93;  807,000;  138,200;    0,000
 829,17;  512,000; -584,900;    0,000
 829,42;  591,000; -677,600;    0,000
 829,66;  548,000; -537,900;    0,000
 829,90;  714,000; -433,500;    0,000
 830,14;  593,000;  -36,800;    0,000
 830,38;  657,000;   61,000;    0,000
 830,62;  613,000;   99,900;    0,000
 830,87;  511,000; -605,300;    0,000
 831,11;  722,000;  528,900;    0,000
 831,35;  447,000; -646,500;    0,000
 831,59;  460,000; -220,100;    0,000
 831,83;  475,000; -100,000;    0,000
 832,07;  471,000;  534,500;    0,000
 832,31;  392,000; -910,300;    0,000
 832,56;  271,000; -247,300;    0,000
 832,80;  371,000;    8,700;    0,000
 833,04;  155,000;   45,700;    0,000
 833,28;  186,000;  -39,200;    0,000
 833,52;  167,000;  586,200;    0,000
 833,76;    0,000; -354,600;    0,000
 834,00; -115,000; -761,300;    0,000
 834,24;  138,000;   50,400;    0,000
 834,48;  178,000;  104,400;    0,000
 834,73;  204,000;   97,300;    0,000
 834,97;  353,000;  -71,700;    0,000
 835,21;  647,000;  716,500;    0,000
 835,45;  680,000;  461,400;    0,000
 835,69;  560,000; -358,800;    0,000
 835,93;  947,000; 1080,400;    0,000
 836,17;  873,000; -253,600;    0,000
 836,41; 1129,000;   27,100;    0,000
 836,65; 1413,000;  378,700;    0,000
 836,89; 1773,000;  924,600;    0,000
 837,13; 1680,000;  -37,200;    0,000
 837,37; 1866,000;  137,400;    0,000
 837,61; 2313,000;  627,700;    0,000
 837,86; 1994,000;  349,700;    0,000
 838,10; 2631,000; 1005,300;    0,000
 838,34; 2391,000;  510,000;    0,000
 838,58; 2478,000; -309,000;    0,000
 838,82; 2462,000;   22,900;    0,000
 839,06; 2980,000;  863,400;    0,000
 839,30; 2799,000;  -69,500;    0,000
 839,54; 2742,000;  370,100;    0,000
 839,78; 2742,000; -131,800;    0,000
 840,02; 3098,000; 1369,500;    0,000
 840,26; 3035,000; -159,100;    0,000
 840,50; 3492,000; 2707,000;    0,000
 840,74; 2968,000;  710,100;    0,000
 840,98; 2898,000;   42,200;    0,000
 841,22; 3002,000;  472,500;    0,000
 841,46; 2964,000;  171,500;    0,000
 841,70; 2865,000;  552,700;    0,000
 841,94; 3097,000;  -43,800;    0,000
 842,18; 2950,000; -229,400;    0,000
 842,42; 3114,000;  428,600;    0,000
 842,66; 2861,000; -169,300;    0,000
 842,90; 2979,000; -175,600;    0,000
 843,14; 2930,000;  193,500;    0,000
 843,38; 3296,000;  244,200;    0,000
 843,62; 2844,000;  106,700;    0,000
 843,86; 3029,000;  448,600;    0,000
 844,10; 2975,000;  768,400;    0,000
 844,34; 2884,000;  200,100;    0,000
 844,58; 2773,000; -282,300;    0,000
 844,82; 2521,000;  352,900;    0,000
 845,06; 2574,000;  145,200;    0,000
 845,30; 2810,000;  795,300;    0,000
 845,54; 2369,000; -102,200;    0,000
 845,78; 2479,000; -123,100;    0,000
 846,01; 2254,000; -224,800;    0,000
 846,25; 2278,000;   81,600;    0,000
 846,49; 2270,000;   77,300;    0,000
 846,73; 2297,000;  366,700;    0,000
 846,97; 1879,000; -425,700;    0,000
 847,21; 1742,000;   12,400;    0,000
 847,45; 1794,000; -170,900;    0,000
 847,69; 1656,000; -277,200;    0,000
 847,93; 1358,000;  252,100;    0,000
 848,17; 1516,000; 1239,300;    0,000
 848,41; 1240,000; -154,500;    0,000
 848,65; 1270,000;  270,800;    0,000
 848,88; 1113,000; -150,100;    0,000
 849,12;  822,000;   86,800;    0,000
 849,36;  931,000;  731,400;    0,000
 849,60;  845,000; 1181,100;    0,000
 849,84;  926,000; 2110,500;    0,000
 850,08;  709,000; 1044,800;    0,000
 850,32;  410,000;   -8,100;    0,000
 850,56;  600,000;  171,100;    0,000
 850,80;  370,000; -235,100;    0,000
 851,03;  416,000;  154,800;    0,000
 851,27;  500,000;  376,900;    0,000
 851,51;  408,000;  -40,300;    0,000
 851,75;  411,000;    1,400;    0,000
 851,99;  354,000;  -88,400;    0,000
 852,23;  477,000;  259,700;    0,000
 852,47;  729,000;  718,800;    0,000
 852,70;  617,000;  999,600;    0,000
 852,94;  520,000;  364,400;    0,000
 853,18;  500,000;  422,500;    0,000
 853,42;  531,000;  644,700;    0,000
 853,66;  428,000;  192,700;    0,000
 853,90;  497,000;  362,600;    0,000
 854,13;  321,000; -194,400;    0,000
 854,37;  755,000; 1807,000;    0,000
 854,61;  385,000;   47,000;    0,000
 854,85;  539,000;  743,100;    0,000
 855,09;  636,000;  883,100;    0,000
 855,32;  693,000; 1922,300;    0,000
 855,56;  401,000;  416,000;    0,000
 855,80;  583,000;  595,500;    0,000
 856,04;  417,000;  551,100;    0,000
 856,28;  543,000;  893,000;    0,000
 856,51;  264,000;  386,000;    0,000
 856,75;  443,000;  568,500;    0,000
 856,99;  631,000; 1377,600;    0,000
 857,23;  483,000;  928,600;    0,000
 857,47;  277,000;  401,000;    0,000
 857,70;  453,000;  750,500;    0,000
 857,94;  259,000;  702,200;    0,000
 858,18;  302,000;  718,800;    0,000
 858,42;  303,000;  933,700;    0,000
 858,65;  373,000; 1200,600;    0,000
 858,89;  208,000; 1077,700;    0,000
 859,13;  112,000;  845,800;    0,000
 859,37;   44,000;   64,100;    0,000
 859,60;   62,000;  515,800;    0,000
 859,84;  -14,000;  270,400;    0,000
 860,08;  221,000; 1022,200;    0,000
 860,32; -123,000;  261,900;    0,000
 860,55;   67,000;  430,400;    0,000
 860,79;   44,000;  854,300;    0,000
 861,03;  254,000; 1123,300;    0,000
 861,27;  -38,000;  463,800;    0,000
 861,50;  -59,000;  333,700;    0,000
 861,74;  185,000; 1301,500;    0,000
 861,98;  173,000; 1223,100;    0,000
 862,21;  254,000; 1403,200;    0,000
 862,45;  194,000;  864,100;    0,000
 862,69;   96,000;  947,500;    0,000
 862,92;  121,000;  601,200;    0,000
 863,16;  410,000; 1324,400;    0,000
 863,40;  144,000;  498,100;    0,000
 863,64;  192,000; 1144,800;    0,000
 863,87;   93,000;  399,500;    0,000
 864,11;  126,000; 1137,700;    0,000
 864,35;  224,000;  952,800;    0,000
 864,58;   99,000;  875,900;    0,000
 864,82;  139,000;  605,200;    0,000
 865,06;  214,000; 1230,200;    0,000
 865,29;  268,000; 1233,800;    0,000
 865,53;  235,000; 1251,700;    0,000
 865,77;  416,000; 1662,100;    0,000
 866,00;  199,000; 1044,500;    0,000
 866,24;  356,000; 1522,900;    0,000
 866,47;  203,000; 1770,400;    0,000
 866,71;  148,000; 1182,900;    0,000
 866,95;  191,000; 1272,400;    0,000
 867,18;  206,000; 1026,800;    0,000
 867,42;  337,000; 1288,500;    0,000
 867,66;  252,000; 1106,300;    0,000
 867,89;  251,000; 1640,400;    0,000
 868,13;  410,000; 2140,300;    0,000
 868,36;  288,000; 1102,900;    0,000
 868,60;  177,000; 1112,900;    0,000
 868,84;  283,000; 1560,400;    0,000
 869,07;  206,000; 1326,800;    0,000
 869,31;  398,000; 1666,800;    0,000
 869,55;  357,000; 1492,100;    0,000
 869,78;  320,000; 1904,400;    0,000
 870,02;  248,000; 1472,800;    0,000
 870,25;  194,000; 1293,200;    0,000
 870,49;  528,000; 2377,000;    0,000
 870,72;  526,000; 2335,500;    0,000
 870,96;  411,000; 1974,400;    0,000
 871,20;  319,000; 1942,500;    0,000
 871,43;   88,000; 1313,700;    0,000
 871,67;  287,000; 2341,900;    0,000
 871,90;  164,000; 1750,700;    0,000
 872,14;  227,000; 1796,500;    0,000
 872,37;  382,000; 1918,300;    0,000
 872,61;  249,000; 1885,200;    0,000
 872,85;  360,000; 2162,800;    0,000
 873,08;  113,000; 2048,200;    0,000
 873,32;  436,000; 3160,100;    0,000
 873,55;  552,000; 3460,400;    0,000
 873,79;  549,000; 2944,000;    0,000
 874,02;  461,000; 3490,100;    0,000
 874,26;  467,000; 2987,000;    0,000
 874,49;  381,000; 3450,900;    0,000
 874,73;  541,000; 3625,400;    0,000
 874,96;  534,000; 4530,200;    0,000
 875,20;  579,000; 3755,700;    0,000
 875,43;  469,000; 3687,500;    0,000
 875,67;  737,000; 4587,500;    0,000
 875,90;  582,000; 5206,500;    0,000
 876,14;  808,000; 5730,500;    0,000
 876,37;  675,000; 5307,900;    0,000
 876,61;  747,000; 5427,700;    0,000
 876,84;  706,000; 5722,500;    0,000
 877,08;  904,000; 5893,900;    0,000
 877,31;  907,000; 7156,600;    0,000
 877,55; 1114,000; 7427,500;    0,000
 877,78; 1153,000; 8454,100;    0,000
 878,02; 1304,000; 9761,800;    0,000
 878,25; 1307,000; 9893,100;    0,000
 878,49; 1646,000;11550,000;    0,000
 878,72; 1756,000;12647,200;    0,000
 878,96; 2047,000;14653,700;    0,000

