Wave   ;Sample   ;Dark     ;Reference;Scope
 335,38; 6894,500;   28,800;    0,000
 335,67; 6769,500; -230,200;    0,000
 335,96; 7099,500; -666,400;    0,000
 336,25; 7124,000; -257,900;    0,000
 336,54; 7629,500;  500,100;    0,000
 336,83; 8083,000; -202,200;    0,000
 337,13; 8224,500; -465,200;    0,000
 337,42; 8432,500; -104,400;    0,000
 337,71; 8687,500; -447,400;    0,000
 338,00; 9283,500; -222,900;    0,000
 338,29; 9092,000;  -49,600;    0,000
 338,58; 9813,000;  573,100;    0,000
 338,87;10097,500; 1056,300;    0,000
 339,16;10252,500; -181,800;    0,000
 339,46;10781,500;  245,700;    0,000
 339,75;10773,500;  655,400;    0,000
 340,04;11206,000;   92,500;    0,000
 340,33;11514,500; -334,000;    0,000
 340,62;11804,500; -201,300;    0,000
 340,91;12289,500; -548,700;    0,000
 341,20;12659,500; -447,200;    0,000
 341,49;12602,500; -507,600;    0,000
 341,78;13546,000; 1118,900;    0,000
 342,07;13705,000;  -10,300;    0,000
 342,37;14092,000; -737,000;    0,000
 342,66;14967,500;  394,600;    0,000
 342,95;15146,500;   38,500;    0,000
 343,24;15618,500; -539,300;    0,000
 343,53;16149,000;  496,100;    0,000
 343,82;16644,000; -271,000;    0,000
 344,11;16983,000;  374,600;    0,000
 344,40;17579,000; -486,200;    0,000
 344,69;18095,000; -169,000;    0,000
 344,98;18787,500; -449,200;    0,000
 345,27;19326,500;  149,800;    0,000
 345,56;20022,500; -108,700;    0,000
 345,85;20538,000;  224,400;    0,000
 346,14;20794,000;  220,600;    0,000
 346,44;21403,000; -652,700;    0,000
 346,73;22511,000; 1197,400;    0,000
 347,02;22921,500;  215,700;    0,000
 347,31;23577,500;  389,500;    0,000
 347,60;23787,500;  -91,000;    0,000
 347,89;24481,000;  747,000;    0,000
 348,18;25112,000; -567,600;    0,000
 348,47;26224,500; -563,600;    0,000
 348,76;27053,000;   98,200;    0,000
 349,05;27345,500;  169,600;    0,000
 349,34;27761,000;    8,200;    0,000
 349,63;28956,500; -242,800;    0,000
 349,92;29519,000;  156,300;    0,000
 350,21;30328,500; -360,800;    0,000
 350,50;30564,000; -222,300;    0,000
 350,79;31841,000; -194,400;    0,000
 351,08;32175,500;  501,400;    0,000
 351,37;32730,500;  568,100;    0,000
 351,66;34117,000; -104,800;    0,000
 351,95;34799,500;  522,400;    0,000
 352,24;34766,000; -132,200;    0,000
 352,53;35767,500; -266,300;    0,000
 352,82;36742,000;  605,200;    0,000
 353,11;37255,000;  412,900;    0,000
 353,40;37752,000;   27,300;    0,000
 353,69;38400,500; -570,700;    0,000
 353,98;38768,000;  269,800;    0,000
 354,27;40254,500; -393,400;    0,000
 354,56;40346,000; -480,700;    0,000
 354,85;41489,000; -267,900;    0,000
 355,14;42221,500; -670,200;    0,000
 355,43;42177,500; -379,700;    0,000
 355,72;43456,000;  211,800;    0,000
 356,01;43329,500; -490,700;    0,000
 356,30;44521,000; -393,300;    0,000
 356,59;44409,500;   19,900;    0,000
 356,88;45151,000; -500,500;    0,000
 357,17;45633,000;  163,800;    0,000
 357,46;46249,500;  919,800;    0,000
 357,75;46398,500; -812,500;    0,000
 358,04;47314,500; 1075,000;    0,000
 358,33;46803,000; -665,100;    0,000
 358,62;47487,000; -482,900;    0,000
 358,91;48302,500; -186,800;    0,000
 359,20;49124,000;   74,000;    0,000
 359,49;49655,000;   -7,200;    0,000
 359,78;50546,000; -367,400;    0,000
 360,07;50738,500; -418,000;    0,000
 360,36;51643,500;  746,700;    0,000
 360,65;51322,500; -123,800;    0,000
 360,94;51841,000;  207,400;    0,000
 361,23;52171,000;   71,600;    0,000
 361,52;52191,500;  836,000;    0,000
 361,81;52589,500; -300,300;    0,000
 362,10;52760,500;  517,500;    0,000
 362,39;52534,000;  -91,800;    0,000
 362,68;52399,000; -219,200;    0,000
 362,97;52669,500;  -55,000;    0,000
 363,26;52585,000; -113,600;    0,000
 363,54;52505,000;  -50,000;    0,000
 363,83;52306,500;  -20,700;    0,000
 364,12;52363,500; -418,900;    0,000
 364,41;52438,000;  370,200;    0,000
 364,70;52188,500;  329,200;    0,000
 364,99;52262,000; -465,600;    0,000
 365,28;52675,000;  -87,100;    0,000
 365,57;52449,500;  102,700;    0,000
 365,86;51573,000; -726,200;    0,000
 366,15;52365,000; -384,200;    0,000
 366,44;51988,500; -195,100;    0,000
 366,73;51752,000;-1003,100;    0,000
 367,02;51706,500; -230,700;    0,000
 367,31;51642,000; -150,200;    0,000
 367,59;51426,500; -537,800;    0,000
 367,88;52202,500; -472,000;    0,000
 368,17;51622,500; -343,600;    0,000
 368,46;51636,000;  -65,500;    0,000
 368,75;51452,500; -117,300;    0,000
 369,04;51637,000; -652,900;    0,000
 369,33;51514,000; -188,600;    0,000
 369,62;52294,500;  111,000;    0,000
 369,91;51027,000;   70,700;    0,000
 370,20;51618,500; -320,300;    0,000
 370,48;51466,500;  336,200;    0,000
 370,77;51388,500;  142,200;    0,000
 371,06;50986,000; -634,200;    0,000
 371,35;50840,000;  364,500;    0,000
 371,64;50898,000; -600,800;    0,000
 371,93;50225,500;  585,900;    0,000
 372,22;49677,000;  235,900;    0,000
 372,51;49587,500; -474,900;    0,000
 372,79;49222,000; -530,300;    0,000
 373,08;49583,500;   58,500;    0,000
 373,37;49239,500; -221,600;    0,000
 373,66;49049,000; -374,100;    0,000
 373,95;49446,500; -491,800;    0,000
 374,24;49070,500; -344,300;    0,000
 374,53;49676,500; -279,900;    0,000
 374,81;49343,000; -251,300;    0,000
 375,10;49085,000;  257,600;    0,000
 375,39;49240,000; -126,300;    0,000
 375,68;49049,000; -444,400;    0,000
 375,97;49183,500; -569,100;    0,000
 376,26;48657,000; -959,900;    0,000
 376,55;49107,000; -252,900;    0,000
 376,83;48803,000; -714,700;    0,000
 377,12;48993,000; -325,700;    0,000
 377,41;48524,500; -902,800;    0,000
 377,70;48481,000; -417,900;    0,000
 377,99;48527,500;  431,700;    0,000
 378,28;48571,000;  161,700;    0,000
 378,56;48182,000; -177,500;    0,000
 378,85;47555,000; -521,100;    0,000
 379,14;47303,500; -833,500;    0,000
 379,43;47238,000; -448,400;    0,000
 379,72;46521,000; -940,200;    0,000
 380,01;46611,500; -208,400;    0,000
 380,29;46231,000;  283,800;    0,000
 380,58;46206,500;   28,500;    0,000
 380,87;45617,500;  185,900;    0,000
 381,16;45110,000; -310,900;    0,000
 381,45;45393,500; -414,600;    0,000
 381,73;44391,000; -723,200;    0,000
 382,02;44250,000;  502,400;    0,000
 382,31;43661,000; -173,100;    0,000
 382,60;43138,000;  -74,300;    0,000
 382,89;42715,500; -297,500;    0,000
 383,17;42321,500;  -45,700;    0,000
 383,46;41958,500; -269,800;    0,000
 383,75;41691,500;  596,600;    0,000
 384,04;41059,500;  363,600;    0,000
 384,33;40182,500; -826,300;    0,000
 384,61;40102,000; -180,100;    0,000
 384,90;39298,000; -545,300;    0,000
 385,19;38629,000; -345,000;    0,000
 385,48;38792,500;   88,300;    0,000
 385,76;38132,500; -354,900;    0,000
 386,05;37944,000; -630,400;    0,000
 386,34;36604,500;  463,700;    0,000
 386,63;36423,000;  -76,700;    0,000
 386,92;36064,000; -949,100;    0,000
 387,20;35355,000; -593,800;    0,000
 387,49;34742,500;  123,900;    0,000
 387,78;34297,000; -338,800;    0,000
 388,07;34335,000;  183,700;    0,000
 388,35;33737,000; -280,400;    0,000
 388,64;32879,000;  180,900;    0,000
 388,93;32356,000; -747,000;    0,000
 389,22;31952,000;  503,100;    0,000
 389,50;31646,500;  414,700;    0,000
 389,79;31097,000; -809,700;    0,000
 390,08;30465,000; -579,400;    0,000
 390,37;30071,500;  175,900;    0,000
 390,65;29583,000; -425,600;    0,000
 390,94;29068,000; -540,300;    0,000
 391,23;28769,500;  237,000;    0,000
 391,52;27832,000;  219,900;    0,000
 391,80;27328,500; -413,900;    0,000
 392,09;27429,000;   92,600;    0,000
 392,38;26485,000;  -61,500;    0,000
 392,66;26174,500; -378,800;    0,000
 392,95;25470,500;   75,900;    0,000
 393,24;25015,500;  358,100;    0,000
 393,53;24635,500;    5,000;    0,000
 393,81;24382,000; -103,000;    0,000
 394,10;23850,000; -390,200;    0,000
 394,39;23039,500; -402,900;    0,000
 394,67;22863,500; -430,000;    0,000
 394,96;22172,500; -832,100;    0,000
 395,25;22238,000;  131,400;    0,000
 395,54;21616,500;  450,100;    0,000
 395,82;20837,500; -510,900;    0,000
 396,11;21006,500;  616,100;    0,000
 396,40;19852,000;   -6,200;    0,000
 396,68;19645,500;   53,600;    0,000
 396,97;19397,000;   33,200;    0,000
 397,26;19476,500;  216,900;    0,000
 397,54;18488,000; -702,200;    0,000
 397,83;17987,500; -936,100;    0,000
 398,12;18178,500;   76,900;    0,000
 398,40;18843,000; -463,400;    0,000
 398,69;23591,000; -543,100;    0,000
 398,98;26055,500; -475,900;    0,000
 399,26;28307,500; -281,000;    0,000
 399,55;29207,000; -849,000;    0,000
 399,84;30439,000; -867,300;    0,000
 400,12;31109,000; -333,900;    0,000
 400,41;32138,500;   57,400;    0,000
 400,70;32398,500; -581,900;    0,000
 400,98;32619,500;  -18,900;    0,000
 401,27;32195,000; -854,500;    0,000
 401,56;31980,500; -242,200;    0,000
 401,84;32367,500;  -76,300;    0,000
 402,13;32121,000; -237,500;    0,000
 402,42;32358,000; -354,900;    0,000
 402,70;32151,500; -179,200;    0,000
 402,99;31870,500; -148,100;    0,000
 403,28;31508,500; -781,400;    0,000
 403,56;30852,000; -527,900;    0,000
 403,85;30902,500;  521,500;    0,000
 404,14;30577,000; -736,100;    0,000
 404,42;30228,000; -793,700;    0,000
 404,71;29853,500; -264,400;    0,000
 404,99;29642,500;-1016,300;    0,000
 405,28;29621,500; -408,200;    0,000
 405,57;28988,500; -650,300;    0,000
 405,85;28797,500; -486,500;    0,000
 406,14;28364,500; -414,700;    0,000
 406,43;28387,000; -260,700;    0,000
 406,71;27641,500; -365,900;    0,000
 407,00;28034,000; 1716,800;    0,000
 407,28;27236,500; -667,300;    0,000
 407,57;27260,000; -514,500;    0,000
 407,86;26739,000; -185,000;    0,000
 408,14;26245,500;  224,200;    0,000
 408,43;25531,000; -306,500;    0,000
 408,71;25343,000; -154,500;    0,000
 409,00;24517,000;  101,000;    0,000
 409,29;23768,000;  126,600;    0,000
 409,57;22804,500; -423,400;    0,000
 409,86;21606,000; -397,700;    0,000
 410,14;20143,000; -541,700;    0,000
 410,43;19144,000; -321,700;    0,000
 410,72;17922,000;   73,900;    0,000
 411,00;16172,500;  571,500;    0,000
 411,29;14115,500;  378,100;    0,000
 411,57;10847,000; -493,900;    0,000
 411,86; 5701,000; -602,400;    0,000
 412,15; 5189,500; -633,800;    0,000
 412,43; 4893,000; -780,600;    0,000
 412,72; 4918,000; -130,000;    0,000
 413,00; 4558,000; -317,300;    0,000
 413,29; 4385,000; -698,900;    0,000
 413,57; 4135,500; -492,500;    0,000
 413,86; 4062,000; -394,400;    0,000
 414,15; 3808,000; -461,900;    0,000
 414,43; 3557,500; -356,300;    0,000
 414,72; 3274,000; -369,500;    0,000
 415,00; 2766,500; -733,700;    0,000
 415,29; 2669,500;  -81,300;    0,000
 415,57; 2684,500; -173,500;    0,000
 415,86; 2535,500; -570,000;    0,000
 416,14; 2299,500; -860,100;    0,000
 416,43; 2370,000;   56,000;    0,000
 416,71; 2255,000; -142,300;    0,000
 417,00; 2000,000; -658,900;    0,000
 417,29; 1966,000; -985,800;    0,000
 417,57; 1961,500; -271,300;    0,000
 417,86; 2083,500;  -41,200;    0,000
 418,14; 1815,500; -535,400;    0,000
 418,43; 1727,500; -531,700;    0,000
 418,71; 1924,000;  530,600;    0,000
 419,00; 1558,500; -645,000;    0,000
 419,28; 1506,500; -879,400;    0,000
 419,57; 1592,500; -443,900;    0,000
 419,85; 1753,500;  154,400;    0,000
 420,14; 1578,500;  503,700;    0,000
 420,42; 1345,000; -732,900;    0,000
 420,71; 1428,500;  258,000;    0,000
 420,99; 1228,000; -256,600;    0,000
 421,28; 1325,000;  306,200;    0,000
 421,56; 1221,000; -571,300;    0,000
 421,85; 1178,000; -605,000;    0,000
 422,13; 1364,000; 1167,200;    0,000
 422,42; 1177,500; -336,800;    0,000
 422,70; 1033,500; -800,600;    0,000
 422,99;  931,000; -623,900;    0,000
 423,27;  988,500; -414,100;    0,000
 423,56; 1047,500; -317,200;    0,000
 423,84;  888,500; -621,500;    0,000
 424,13;  829,000; -687,500;    0,000
 424,41;  891,500; -307,900;    0,000
 424,70;  878,500; -386,200;    0,000
 424,98;  889,500; -506,300;    0,000
 425,27;  897,500;  269,600;    0,000
 425,55;  640,000;-1062,000;    0,000
 425,84;  890,000;  126,100;    0,000
 426,12;  762,000; -813,100;    0,000
 426,40;  567,500; -953,300;    0,000
 426,69;  755,500;  -97,900;    0,000
 426,97;  854,500;  594,200;    0,000
 427,26;  698,500; -535,000;    0,000
 427,54;  611,500; -799,700;    0,000
 427,83;  669,500; -538,600;    0,000
 428,11;  668,500; -418,800;    0,000
 428,40;  800,000; -748,900;    0,000
 428,68;  617,000; -224,900;    0,000
 428,97;  933,500;  973,700;    0,000
 429,25;  680,500;  -20,300;    0,000
 429,53;  978,000; -324,800;    0,000
 429,82; 2115,500;  -75,000;    0,000
 430,10; 3351,500; -680,700;    0,000
 430,39; 4138,000; -306,000;    0,000
 430,67; 4555,000;   39,200;    0,000
 430,96; 4807,500; -746,300;    0,000
 431,24; 5458,500;  435,500;    0,000
 431,52; 5685,500;  460,700;    0,000
 431,81; 5994,500;   87,100;    0,000
 432,09; 5984,000; -343,200;    0,000
 432,38; 6201,500; -110,400;    0,000
 432,66; 6299,000; -363,900;    0,000
 432,95; 6307,500; -106,500;    0,000
 433,23; 6325,000; -219,700;    0,000
 433,51; 6171,000; -916,400;    0,000
 433,80; 6508,500; -220,600;    0,000
 434,08; 6361,000;  113,300;    0,000
 434,37; 6416,500; -173,800;    0,000
 434,65; 6273,500; -536,900;    0,000
 434,93; 6575,000;  273,500;    0,000
 435,22; 6396,000; -957,000;    0,000
 435,50; 6546,000; -183,600;    0,000
 435,78; 6364,000; -688,600;    0,000
 436,07; 6313,500; -669,300;    0,000
 436,35; 6601,000;  135,100;    0,000
 436,64; 6270,500; -321,000;    0,000
 436,92; 6215,500; -315,500;    0,000
 437,20; 6554,500; -191,200;    0,000
 437,49; 6388,500; -414,600;    0,000
 437,77; 6610,000; -344,500;    0,000
 438,06; 6167,000;  107,100;    0,000
 438,34; 6239,000; -956,300;    0,000
 438,62; 6308,000; -340,000;    0,000
 438,91; 6292,000; -567,800;    0,000
 439,19; 6281,500; -298,800;    0,000
 439,47; 6043,000; -642,300;    0,000
 439,76; 5992,000;  -19,200;    0,000
 440,04; 5695,500; -570,700;    0,000
 440,32; 5739,000; -330,500;    0,000
 440,61; 5262,000; -793,000;    0,000
 440,89; 5177,000;   82,800;    0,000
 441,17; 4972,500;  270,000;    0,000
 441,46; 4478,500; -377,300;    0,000
 441,74; 4120,000; -762,700;    0,000
 442,02; 3683,000; -569,000;    0,000
 442,31; 3476,000;  453,100;    0,000
 442,59; 2761,000; -261,800;    0,000
 442,87; 1361,000; -610,200;    0,000
 443,16;  481,000; -811,300;    0,000
 443,44;  424,000; -117,500;    0,000
 443,72;  470,000; -304,500;    0,000
 444,01;  412,000; -384,000;    0,000
 444,29;  380,500; -556,600;    0,000
 444,57;  452,000; -155,500;    0,000
 444,86;  568,000;  416,800;    0,000
 445,14;  486,500;  -99,500;    0,000
 445,42;  464,500;   -2,400;    0,000
 445,71;  339,500; -358,700;    0,000
 445,99;  417,000; -404,100;    0,000
 446,27;  289,500; -755,500;    0,000
 446,56;  408,000; -615,300;    0,000
 446,84;  295,500; -754,600;    0,000
 447,12;  325,500; -974,400;    0,000
 447,40;  390,000; -732,700;    0,000
 447,69;  462,500; -196,400;    0,000
 447,97;  552,500;   -5,500;    0,000
 448,25;  576,500;  344,500;    0,000
 448,54;  275,000; -880,800;    0,000
 448,82;  386,000; -888,800;    0,000
 449,10;  365,500; -513,200;    0,000
 449,38;  374,000; -556,500;    0,000
 449,67;  414,500; -264,100;    0,000
 449,95;  486,000;  496,000;    0,000
 450,23;  317,500; -670,700;    0,000
 450,52;  576,500;  488,800;    0,000
 450,80;  333,500; -777,600;    0,000
 451,08;  368,000; -733,900;    0,000
 451,36;  521,500;  272,900;    0,000
 451,65;  408,500; -310,200;    0,000
 451,93;  361,000; -358,100;    0,000
 452,21;  629,500; 1023,300;    0,000
 452,49;  354,500; -730,300;    0,000
 452,78;  473,500; -245,500;    0,000
 453,06;  398,000; -519,900;    0,000
 453,34;  379,000; -755,800;    0,000
 453,62;  385,500; -336,600;    0,000
 453,91;  328,000; -604,700;    0,000
 454,19;  690,500; 1589,500;    0,000
 454,47;  580,500;  628,100;    0,000
 454,75;  418,000; -688,600;    0,000
 455,04;  423,500;   -8,600;    0,000
 455,32;  490,500; -253,300;    0,000
 455,60;  465,000; -229,400;    0,000
 455,88;  520,000;  124,500;    0,000
 456,16;  586,500;  687,500;    0,000
 456,45;  472,000; -359,400;    0,000
 456,73;  440,000; -530,800;    0,000
 457,01;  409,000; -823,800;    0,000
 457,29;  449,500;  255,700;    0,000
 457,58;  461,500; -619,100;    0,000
 457,86;  359,000; -974,700;    0,000
 458,14;  381,500; -787,200;    0,000
 458,42;  462,000; -804,700;    0,000
 458,70;  562,500;  195,100;    0,000
 458,99;  368,500; -712,700;    0,000
 459,27;  262,000; -948,000;    0,000
 459,55;  428,500; -675,800;    0,000
 459,83;  574,500;  860,500;    0,000
 460,11;  776,000;  814,100;    0,000
 460,40;  340,000; -957,300;    0,000
 460,68;  361,000; -804,200;    0,000
 460,96;  590,500;  899,500;    0,000
 461,24;  502,000; -226,400;    0,000
 461,52;  540,500;  242,400;    0,000
 461,80;  403,000; -603,500;    0,000
 462,09;  450,000; -654,300;    0,000
 462,37;  491,000; -385,900;    0,000
 462,65;  340,500; -719,600;    0,000
 462,93;  508,000;   12,800;    0,000
 463,21;  416,000; -532,100;    0,000
 463,49;  551,500;   39,800;    0,000
 463,78;  516,000;  146,100;    0,000
 464,06;  430,000; -254,600;    0,000
 464,34;  424,500; -562,100;    0,000
 464,62;  472,500; -250,900;    0,000
 464,90;  570,000;  590,200;    0,000
 465,18;  443,000; -721,600;    0,000
 465,47;  393,500; -382,500;    0,000
 465,75;  453,000; -285,000;    0,000
 466,03;  456,500;   52,200;    0,000
 466,31;  645,000;  170,800;    0,000
 466,59;  439,000;  -53,700;    0,000
 466,87;  490,500;  128,200;    0,000
 467,15;  442,000; -654,800;    0,000
 467,43;  471,000; -414,400;    0,000
 467,72;  460,000; -398,200;    0,000
 468,00;  457,500; -453,700;    0,000
 468,28;  402,500; -844,500;    0,000
 468,56;  439,500; -138,600;    0,000
 468,84;  428,000; -542,100;    0,000
 469,12;  234,000;-1021,800;    0,000
 469,40;  413,500; -561,000;    0,000
 469,68;  464,000; -433,900;    0,000
 469,97;  503,500;  -98,900;    0,000
 470,25;  338,000; -934,200;    0,000
 470,53;  536,500;   82,500;    0,000
 470,81;  582,500;  683,900;    0,000
 471,09;  499,500;  -86,800;    0,000
 471,37;  474,500;  -19,400;    0,000
 471,65;  352,500; -552,000;    0,000
 471,93;  322,000; -499,700;    0,000
 472,21;  370,000; -426,400;    0,000
 472,49;  447,500; -221,400;    0,000
 472,77;  403,500;  -70,500;    0,000
 473,06;  317,000; -900,300;    0,000
 473,34;  459,500; -429,000;    0,000
 473,62;  507,000;  218,200;    0,000
 473,90;  489,000;  428,800;    0,000
 474,18;  437,500; -246,200;    0,000
 474,46;  386,000;   26,700;    0,000
 474,74;  415,500; -170,300;    0,000
 475,02;  586,000;  763,000;    0,000
 475,30;  750,500; 1321,200;    0,000
 475,58;  410,500; -985,600;    0,000
 475,86;  369,000; -463,300;    0,000
 476,14;  304,000; -788,100;    0,000
 476,42;  507,500; -143,500;    0,000
 476,70;  488,000;  397,200;    0,000
 476,98;  525,000;  508,700;    0,000
 477,27;  498,000;   55,000;    0,000
 477,55;  291,000; -639,400;    0,000
 477,83;  376,500; -340,300;    0,000
 478,11;  341,500; -817,400;    0,000
 478,39;  589,000;  290,400;    0,000
 478,67;  534,000;  845,900;    0,000
 478,95;  501,000;  357,200;    0,000
 479,23;  380,000; -487,200;    0,000
 479,51;  455,500; -310,600;    0,000
 479,79;  516,500;  366,800;    0,000
 480,07;  407,500; -721,700;    0,000
 480,35;  418,000; -297,100;    0,000
 480,63;  394,500; -509,700;    0,000
 480,91;  450,500; -405,200;    0,000
 481,19;  472,000;   80,000;    0,000
 481,47;  360,500; -639,800;    0,000
 481,75; 1318,500; 3113,900;    0,000
 482,03;  317,000; -706,000;    0,000
 482,31;  433,000; -341,300;    0,000
 482,59;  401,000; -289,200;    0,000
 482,87;  457,500;  105,100;    0,000
 483,15;  330,000; -548,500;    0,000
 483,43;  450,000; -187,900;    0,000
 483,71;  327,000; -709,300;    0,000
 483,99;  542,000;  699,800;    0,000
 484,27;  537,500;  352,900;    0,000
 484,55;  385,500; -594,400;    0,000
 484,83;  414,500; -431,700;    0,000
 485,11;  353,000;  -90,600;    0,000
 485,39;  320,000; -572,900;    0,000
 485,67;  483,000;  603,500;    0,000
 485,95;  525,500;  202,900;    0,000
 486,23;  495,000;  480,300;    0,000
 486,51;  253,500; -948,400;    0,000
 486,79;  508,500;  -48,900;    0,000
 487,07;  591,000;  783,000;    0,000
 487,35;  243,500;-1137,100;    0,000
 487,63;  609,000;  693,800;    0,000
 487,91;  480,500;  190,300;    0,000
 488,18;  390,000; -474,500;    0,000
 488,46;  418,000; -180,900;    0,000
 488,74;  347,500; -737,600;    0,000
 489,02;  282,000; -894,700;    0,000
 489,30;  541,000;  856,900;    0,000
 489,58;  433,500; -264,700;    0,000
 489,86;  386,500; -497,500;    0,000
 490,14;  371,500; -606,500;    0,000
 490,42;  269,500; -722,500;    0,000
 490,70;  393,000;   22,300;    0,000
 490,98;  298,500; -414,000;    0,000
 491,26;  331,000; -617,700;    0,000
 491,54;  404,500; -100,800;    0,000
 491,82;  504,000;  316,200;    0,000
 492,10;  424,500; -154,800;    0,000
 492,37;  509,500;  408,800;    0,000
 492,65;  398,500; -514,200;    0,000
 492,93;  221,500; -792,600;    0,000
 493,21;  388,000; -297,000;    0,000
 493,49;  454,500;  -60,900;    0,000
 493,77;  269,500; -759,000;    0,000
 494,05;  316,000; -627,900;    0,000
 494,33;  349,500; -462,100;    0,000
 494,61;  329,500; -387,300;    0,000
 494,89;  455,000;  106,000;    0,000
 495,16;  362,500; -164,400;    0,000
 495,44;  309,000; -454,500;    0,000
 495,72;  474,500;  761,700;    0,000
 496,00;  328,500; -706,500;    0,000
 496,28;  307,000; -419,200;    0,000
 496,56;  277,000; -736,100;    0,000
 496,84;  258,000; -623,800;    0,000
 497,12;  266,000; -787,600;    0,000
 497,40;  527,000;  459,600;    0,000
 497,67;  433,500;  339,000;    0,000
 497,95;  257,000; -697,600;    0,000
 498,23;  461,500;  811,600;    0,000
 498,51;  330,500; -508,000;    0,000
 498,79;  318,500; -456,500;    0,000
 499,07;  434,500;  388,400;    0,000
 499,35;  396,500;  444,700;    0,000
 499,62;  314,500; -161,900;    0,000
 499,90;  386,000;  117,500;    0,000
 500,18;  527,500;  216,300;    0,000
 500,46;  239,000; -736,500;    0,000
 500,74;  316,500;  -74,100;    0,000
 501,02;  256,000; -429,000;    0,000
 501,30;  345,500; -139,300;    0,000
 501,57;  364,500;  516,300;    0,000
 501,85;  289,000;  134,100;    0,000
 502,13;  444,000;   70,600;    0,000
 502,41;  245,500; -400,100;    0,000
 502,69;  277,500; -261,300;    0,000
 502,96;  561,000; 1538,900;    0,000
 503,24;  384,000;  365,900;    0,000
 503,52;  273,500; -119,500;    0,000
 503,80;  323,500; -210,100;    0,000
 504,08;  138,500; -547,600;    0,000
 504,36;  246,500; -507,300;    0,000
 504,63;  341,500;  456,800;    0,000
 504,91;  263,500;  239,800;    0,000
 505,19;  299,500;  531,600;    0,000
 505,47;  315,000;  282,800;    0,000
 505,75;  265,500;  199,600;    0,000
 506,02;  286,500;    1,600;    0,000
 506,30;  356,500;  615,200;    0,000
 506,58;  338,500;   28,100;    0,000
 506,86;  438,000; 1053,000;    0,000
 507,14;  360,500;  938,800;    0,000
 507,41;  220,000; -212,600;    0,000
 507,69;  186,000;  233,500;    0,000
 507,97;  353,500;  860,500;    0,000
 508,25;  328,500;  273,400;    0,000
 508,52;  285,500;  148,400;    0,000
 508,80;  366,500;  687,100;    0,000
 509,08;  508,500; 1550,700;    0,000
 509,36;  345,500;  756,300;    0,000
 509,64;  248,500;  180,000;    0,000
 509,91;  250,500;  456,500;    0,000
 510,19;  306,000;  703,900;    0,000
 510,47;  188,000;  513,500;    0,000
 510,75;  336,500; 1156,300;    0,000
 511,02;  365,000; 1283,900;    0,000
 511,30;  490,500; 2376,100;    0,000
 511,58;  306,500; 1374,500;    0,000
 511,86;  390,500; 1559,800;    0,000
 512,13;  413,000; 1843,100;    0,000
 512,41;  486,000; 2656,200;    0,000
 512,69;  418,000; 2448,600;    0,000
 512,97;  305,000; 2264,000;    0,000
 513,24;  311,000; 2091,700;    0,000
 513,52;  231,000; 1793,100;    0,000
 513,80;  450,000; 2991,800;    0,000
 514,07;  376,500; 2713,700;    0,000
 514,35;  404,500; 2679,500;    0,000
 514,63;  202,000; 2343,900;    0,000
 514,91;  305,000; 2674,500;    0,000
 515,18;  325,500; 2714,900;    0,000
 515,46;  500,000; 3847,400;    0,000
 515,74;  304,500; 3272,900;    0,000
 516,01;  523,000; 4409,300;    0,000
 516,29;  574,000; 4952,000;    0,000
 516,57;  410,500; 3776,000;    0,000
 516,85;  293,500; 3761,600;    0,000
 517,12;  251,000; 3861,500;    0,000
 517,40;  319,000; 4444,400;    0,000
 517,68;  398,000; 4509,100;    0,000
 517,95;  392,000; 5313,900;    0,000
 518,23;  521,500; 5641,700;    0,000
 518,51;  491,000; 6147,700;    0,000
 518,78;  278,500; 5418,700;    0,000
 519,06;  431,500; 6688,300;    0,000
 519,34;  436,000; 7071,800;    0,000
 519,61;  307,500; 6126,100;    0,000
 519,89;  414,000; 6965,500;    0,000
 520,17;  479,000; 7597,000;    0,000
 520,44;  527,500; 8301,700;    0,000
 520,72;  355,500; 8449,900;    0,000
 521,00;  399,500; 8459,300;    0,000
 521,27;  446,500; 9044,400;    0,000
 521,55;  541,000; 9640,800;    0,000
 521,83;  669,000;11201,600;    0,000
 522,10;  747,500;10641,700;    0,000
 522,38;  485,500;10761,000;    0,000
 522,66;  284,000;10207,600;    0,000
 522,93;  371,000;11114,300;    0,000
 523,21;  340,000;11711,200;    0,000
 523,49;  290,000;11754,600;    0,000
 523,76;  419,500;12826,800;    0,000
 524,04;  420,500;13406,000;    0,000
 524,32;  394,500;13543,400;    0,000
 524,59;  513,500;15112,400;    0,000
 524,87;  488,500;15253,900;    0,000
 525,14;  654,500;16868,400;    0,000
 525,42;  331,000;16039,800;    0,000
 525,70;  521,500;17283,199;    0,000
 525,97;  626,500;18680,900;    0,000
 526,25;  481,500;18773,600;    0,000
 526,52;  549,000;19217,301;    0,000
 526,80;  483,000;19819,801;    0,000
 527,08;  480,500;20698,199;    0,000
 527,35;  432,500;21093,500;    0,000
 527,63;  629,500;23168,801;    0,000
 527,91;  489,000;23039,900;    0,000
 528,18;  484,000;23777,600;    0,000
 528,46;  428,000;24377,600;    0,000
 528,73;  425,000;25470,699;    0,000
 529,01;  555,000;26645,801;    0,000
 529,28;  428,500;27044,699;    0,000
 529,56;  650,500;28873,801;    0,000
 529,84;  466,500;29689,400;    0,000
 530,11;  454,000;29824,199;    0,000
 530,39;  522,500;31255,500;    0,000
 530,66;  414,500;32119,801;    0,000
 530,94;  505,000;33280,199;    0,000
 531,22;  449,500;34168,801;    0,000
 531,49;  480,500;35731,102;    0,000
 531,77;  496,500;36637,500;    0,000
 532,04;  573,000;38177,199;    0,000
 532,32;  546,000;39223,398;    0,000
 532,59;  436,500;39853,398;    0,000
 532,87;  544,000;41474,301;    0,000
 533,14;  575,000;42684,102;    0,000
 533,42;  430,000;43903,602;    0,000
 533,70;  488,500;44957,301;    0,000
 533,97;  488,000;46357,898;    0,000
 534,25;  447,500;47585,398;    0,000
 534,52;  522,000;49170,801;    0,000
 534,80;  581,000;50903,301;    0,000
 535,07;  728,500;52664,000;    0,000
 535,35;  594,500;53380,602;    0,000
 535,62;  553,000;54923,102;    0,000
 535,90;  549,500;55666,898;    0,000
 536,17;  739,000;58219,500;    0,000
 536,45;  503,000;58571,602;    0,000
 536,72;  609,500;60280,602;    0,000
 537,00;  723,000;61783,500;    0,000
 537,27;  786,500;63138,898;    0,000
 537,55;  636,000;63066,602;    0,000
 537,82;  687,000;63167,301;    0,000
 538,10;  793,500;63127,602;    0,000
 538,37;  827,000;63167,301;    0,000
 538,65;  598,000;63127,602;    0,000
 538,92;  845,500;63167,301;    0,000
 539,20; 1029,000;63127,602;    0,000
 539,47;  771,000;63167,301;    0,000
 539,75;  774,500;63127,602;    0,000
 540,02;  885,500;63167,301;    0,000
 540,30;  867,500;63127,602;    0,000
 540,57;  887,000;63167,301;    0,000
 540,85;  965,000;63127,602;    0,000
 541,12;  832,500;63167,301;    0,000
 541,40;  804,500;63127,602;    0,000
 541,67;  898,500;63167,301;    0,000
 541,95; 1023,000;63127,602;    0,000
 542,22; 1266,000;63167,301;    0,000
 542,50;  948,000;63127,602;    0,000
 542,77;  952,500;63167,301;    0,000
 543,05; 1006,000;63127,602;    0,000
 543,32; 1066,000;63167,301;    0,000
 543,60;  877,500;63127,602;    0,000
 543,87; 1018,500;63167,301;    0,000
 544,14; 1080,000;63127,602;    0,000
 544,42;  974,500;63167,301;    0,000
 544,69; 1183,000;63127,602;    0,000
 544,97; 1011,500;63167,301;    0,000
 545,24; 1023,000;63127,602;    0,000
 545,52; 1123,500;63167,301;    0,000
 545,79; 1188,000;63127,602;    0,000
 546,07; 1174,000;63167,301;    0,000
 546,34; 1022,500;63127,602;    0,000
 546,61; 1284,000;63167,301;    0,000
 546,89;  976,500;63127,602;    0,000
 547,16; 1327,500;63167,301;    0,000
 547,44; 1047,500;63127,602;    0,000
 547,71;  995,000;63167,301;    0,000
 547,98; 1023,500;63127,602;    0,000
 548,26;  973,000;63167,301;    0,000
 548,53; 1020,500;63127,602;    0,000
 548,81; 1137,000;63167,301;    0,000
 549,08; 1060,000;63127,602;    0,000
 549,36; 1149,500;63167,301;    0,000
 549,63; 1255,000;63127,602;    0,000
 549,90; 1114,000;63167,301;    0,000
 550,18; 1185,000;63127,602;    0,000
 550,45;  985,500;63167,301;    0,000
 550,72;  835,500;63127,602;    0,000
 551,00; 1205,000;63167,301;    0,000
 551,27; 1078,500;63127,602;    0,000
 551,55;  990,000;63167,301;    0,000
 551,82;  974,500;63127,602;    0,000
 552,09; 1063,500;63167,301;    0,000
 552,37; 1047,000;63127,602;    0,000
 552,64; 1062,500;63167,301;    0,000
 552,91; 1050,500;63127,602;    0,000
 553,19; 1145,500;63167,301;    0,000
 553,46; 1053,500;63127,602;    0,000
 553,74; 1044,000;63167,301;    0,000
 554,01; 1056,000;63127,602;    0,000
 554,28;  913,000;63167,301;    0,000
 554,56; 1069,500;63127,602;    0,000
 554,83; 1153,000;63167,301;    0,000
 555,10; 1133,000;63127,602;    0,000
 555,38; 1039,500;63167,301;    0,000
 555,65; 1072,000;63127,602;    0,000
 555,92; 1232,500;63167,301;    0,000
 556,20; 1172,500;63127,602;    0,000
 556,47; 1091,000;63167,301;    0,000
 556,74; 1045,500;63127,602;    0,000
 557,02; 1030,500;63167,301;    0,000
 557,29; 1210,000;63127,602;    0,000
 557,56; 1086,000;63167,301;    0,000
 557,84; 1225,500;63127,602;    0,000
 558,11; 1092,500;63167,301;    0,000
 558,38; 1069,000;63127,602;    0,000
 558,66; 1131,500;63167,301;    0,000
 558,93; 1169,000;63127,602;    0,000
 559,20; 1099,000;63167,301;    0,000
 559,48; 1296,000;63127,602;    0,000
 559,75; 1313,000;63167,301;    0,000
 560,02; 1150,500;63127,602;    0,000
 560,29; 1343,000;63167,301;    0,000
 560,57; 1143,500;63127,602;    0,000
 560,84; 1306,500;63167,301;    0,000
 561,11; 1220,000;63127,602;    0,000
 561,39; 1212,500;63167,301;    0,000
 561,66; 1348,000;63127,602;    0,000
 561,93; 1209,000;63167,301;    0,000
 562,20; 1245,000;63127,602;    0,000
 562,48; 1530,500;63167,301;    0,000
 562,75; 1497,000;63127,602;    0,000
 563,02; 1434,500;63167,301;    0,000
 563,30; 1412,000;63127,602;    0,000
 563,57; 1412,000;63167,301;    0,000
 563,84; 1636,000;63127,602;    0,000
 564,11; 1357,000;63167,301;    0,000
 564,39; 1486,000;63127,602;    0,000
 564,66; 1491,500;63167,301;    0,000
 564,93; 1507,500;63127,602;    0,000
 565,20; 1499,500;63167,301;    0,000
 565,48; 1374,500;63127,602;    0,000
 565,75; 2942,500;63167,301;    0,000
 566,02; 1535,500;63127,602;    0,000
 566,29; 1889,500;63167,301;    0,000
 566,57; 1756,500;63127,602;    0,000
 566,84; 1569,500;63167,301;    0,000
 567,11; 1613,000;63127,602;    0,000
 567,38; 1690,500;63167,301;    0,000
 567,65; 1825,500;63127,602;    0,000
 567,93; 1653,500;63167,301;    0,000
 568,20; 1696,500;63127,602;    0,000
 568,47; 1706,000;63167,301;    0,000
 568,74; 1876,000;63127,602;    0,000
 569,02; 1837,000;63167,301;    0,000
 569,29; 2126,500;63127,602;    0,000
 569,56; 1907,500;63167,301;    0,000
 569,83; 1856,500;63127,602;    0,000
 570,10; 2048,500;63167,301;    0,000
 570,38; 2102,000;63127,602;    0,000
 570,65; 1918,000;63167,301;    0,000
 570,92; 1968,500;63127,602;    0,000
 571,19; 2111,000;63167,301;    0,000
 571,46; 1982,000;63127,602;    0,000
 571,74; 1983,500;63167,301;    0,000
 572,01; 2304,000;63127,602;    0,000
 572,28; 2330,500;63167,301;    0,000
 572,55; 2119,000;63127,602;    0,000
 572,82; 2354,500;63167,301;    0,000
 573,09; 2256,500;63127,602;    0,000
 573,37; 2441,500;63167,301;    0,000
 573,64; 2229,000;63127,602;    0,000
 573,91; 2246,000;63167,301;    0,000
 574,18; 2441,000;63127,602;    0,000
 574,45; 2336,000;63167,301;    0,000
 574,72; 2607,500;63127,602;    0,000
 575,00; 2678,000;63167,301;    0,000
 575,27; 2546,500;63127,602;    0,000
 575,54; 2591,000;63167,301;    0,000
 575,81; 2763,500;63127,602;    0,000
 576,08; 2786,500;63167,301;    0,000
 576,35; 2880,500;63127,602;    0,000
 576,63; 3047,000;63167,301;    0,000
 576,90; 2969,000;63127,602;    0,000
 577,17; 2975,500;63167,301;    0,000
 577,44; 3109,000;63127,602;    0,000
 577,71; 3242,500;63167,301;    0,000
 577,98; 3165,000;63127,602;    0,000
 578,25; 3174,000;63167,301;    0,000
 578,52; 3226,500;63127,602;    0,000
 578,80; 3337,000;63167,301;    0,000
 579,07; 3288,000;63127,602;    0,000
 579,34; 3519,000;63167,301;    0,000
 579,61; 3465,500;63127,602;    0,000
 579,88; 3703,000;63167,301;    0,000
 580,15; 3607,500;63127,602;    0,000
 580,42; 3589,500;63167,301;    0,000
 580,69; 3781,500;63127,602;    0,000
 580,96; 3721,500;63167,301;    0,000
 581,23; 4040,500;63127,602;    0,000
 581,51; 4295,000;63167,301;    0,000
 581,78; 4111,500;63127,602;    0,000
 582,05; 4304,500;63167,301;    0,000
 582,32; 4297,500;63127,602;    0,000
 582,59; 4281,000;63167,301;    0,000
 582,86; 4419,500;63127,602;    0,000
 583,13; 4440,500;63167,301;    0,000
 583,40; 4578,000;63127,602;    0,000
 583,67; 4624,000;63167,301;    0,000
 583,94; 4884,500;63127,602;    0,000
 584,21; 4919,500;63167,301;    0,000
 584,48; 4922,000;63127,602;    0,000
 584,75; 5069,500;63167,301;    0,000
 585,03; 5284,000;63127,602;    0,000
 585,30; 5208,000;63167,301;    0,000
 585,57; 5230,500;63127,602;    0,000
 585,84; 5614,500;63167,301;    0,000
 586,11; 5480,500;63127,602;    0,000
 586,38; 5688,500;63167,301;    0,000
 586,65; 6066,500;63127,602;    0,000
 586,92; 5761,500;63167,301;    0,000
 587,19; 6295,000;63127,602;    0,000
 587,46; 6397,000;63167,301;    0,000
 587,73; 6188,000;63127,602;    0,000
 588,00; 6572,500;63167,301;    0,000
 588,27; 6428,500;63123,898;    0,000
 588,54; 6547,000;62757,000;    0,000
 588,81; 7111,000;62646,699;    0,000
 589,08; 6914,500;61756,301;    0,000
 589,35; 7026,000;60706,602;    0,000
 589,62; 7274,000;60385,898;    0,000
 589,89; 7378,000;59329,000;    0,000
 590,16; 7597,000;58022,699;    0,000
 590,43; 7851,000;57529,898;    0,000
 590,70; 8377,500;57330,301;    0,000
 590,97; 8324,500;55502,500;    0,000
 591,24; 8432,500;54541,398;    0,000
 591,51; 8574,000;53414,602;    0,000
 591,78; 8607,000;52291,801;    0,000
 592,05; 8896,500;51138,301;    0,000
 592,32; 9069,500;52011,301;    0,000
 592,59; 9413,000;49937,301;    0,000
 592,86; 9533,500;49275,000;    0,000
 593,13; 9634,500;47284,398;    0,000
 593,40; 9468,000;46529,398;    0,000
 593,67;10189,500;46957,898;    0,000
 593,94;10491,000;44459,500;    0,000
 594,21;10521,500;45089,301;    0,000
 594,48;11163,500;44295,699;    0,000
 594,75;11056,500;42664,699;    0,000
 595,02;11376,500;41676,102;    0,000
 595,29;11447,000;41435,801;    0,000
 595,56;11857,500;40149,000;    0,000
 595,83;11796,500;39124,801;    0,000
 596,10;12307,500;38819,500;    0,000
 596,37;12353,000;37373,500;    0,000
 596,63;13177,000;38644,301;    0,000
 596,90;13165,500;36625,699;    0,000
 597,17;13492,000;35810,898;    0,000
 597,44;14091,500;35013,602;    0,000
 597,71;14132,000;34583,301;    0,000
 597,98;14350,000;33900,801;    0,000
 598,25;14645,000;32601,100;    0,000
 598,52;15403,000;32634,199;    0,000
 598,79;15615,500;31850,900;    0,000
 599,06;15420,000;30042,801;    0,000
 599,33;15945,500;29655,900;    0,000
 599,60;16082,000;29462,199;    0,000
 599,87;16656,000;28816,699;    0,000
 600,13;16839,500;28292,199;    0,000
 600,40;17186,500;28527,199;    0,000
 600,67;17681,500;27125,301;    0,000
 600,94;18047,500;26166,400;    0,000
 601,21;18774,500;25900,600;    0,000
 601,48;18924,500;26134,699;    0,000
 601,75;19236,000;25100,600;    0,000
 602,02;19734,000;24694,100;    0,000
 602,29;19761,500;23532,801;    0,000
 602,56;20294,000;23479,301;    0,000
 602,82;20845,000;22236,699;    0,000
 603,09;20694,500;22145,801;    0,000
 603,36;21972,500;21423,000;    0,000
 603,63;22370,000;21260,000;    0,000
 603,90;22275,000;19984,199;    0,000
 604,17;22835,000;20095,100;    0,000
 604,44;23436,000;19762,600;    0,000
 604,70;23715,000;18981,699;    0,000
 604,97;24355,000;18932,000;    0,000
 605,24;24543,000;18677,900;    0,000
 605,51;24980,500;18311,801;    0,000
 605,78;25608,500;18562,301;    0,000
 606,05;25822,000;16589,000;    0,000
 606,32;26368,000;16978,400;    0,000
 606,58;26809,500;16046,900;    0,000
 606,85;27814,500;17064,801;    0,000
 607,12;28382,000;15044,100;    0,000
 607,39;28484,500;15889,400;    0,000
 607,66;28578,500;15000,700;    0,000
 607,93;29483,000;14625,900;    0,000
 608,19;30122,000;14486,400;    0,000
 608,46;30273,500;14527,300;    0,000
 608,73;30499,000;13276,500;    0,000
 609,00;30878,500;13381,400;    0,000
 609,27;32006,500;13447,600;    0,000
 609,53;31962,500;12830,500;    0,000
 609,80;32718,500;12588,100;    0,000
 610,07;33058,000;12418,500;    0,000
 610,34;32811,000;11442,500;    0,000
 610,61;33664,500;10761,700;    0,000
 610,88;34381,000;10905,800;    0,000
 611,14;35326,500;12050,300;    0,000
 611,41;35317,500;10563,000;    0,000
 611,68;35681,000;10329,500;    0,000
 611,95;36416,000;10658,600;    0,000
 612,21;36449,000;10494,400;    0,000
 612,48;37206,000; 9806,100;    0,000
 612,75;37656,000; 9908,800;    0,000
 613,02;38082,000; 9677,000;    0,000
 613,29;38282,500; 8462,100;    0,000
 613,55;38651,000; 8708,400;    0,000
 613,82;38908,500; 9413,800;    0,000
 614,09;39203,500; 8267,700;    0,000
 614,36;39750,500; 8924,400;    0,000
 614,62;39933,000; 8302,100;    0,000
 614,89;40129,000; 8423,400;    0,000
 615,16;40818,000; 8004,000;    0,000
 615,43;41006,000; 7240,000;    0,000
 615,69;41071,000; 7084,400;    0,000
 615,96;41563,000; 7020,300;    0,000
 616,23;41738,500; 6564,700;    0,000
 616,50;42195,500; 6879,800;    0,000
 616,76;42353,000; 6440,800;    0,000
 617,03;41987,000; 6116,400;    0,000
 617,30;42868,000; 5726,400;    0,000
 617,57;42776,500; 5878,900;    0,000
 617,83;43142,500; 5707,400;    0,000
 618,10;43541,000; 6388,800;    0,000
 618,37;43555,000; 5423,300;    0,000
 618,63;43596,500; 5643,000;    0,000
 618,90;43547,000; 4728,900;    0,000
 619,17;43836,000; 5577,200;    0,000
 619,44;43671,000; 6092,700;    0,000
 619,70;43603,000; 5775,200;    0,000
 619,97;43964,000; 4122,700;    0,000
 620,24;44029,000; 4276,800;    0,000
 620,50;44073,500; 4511,200;    0,000
 620,77;43975,000; 4553,500;    0,000
 621,04;44087,500; 3902,100;    0,000
 621,30;43670,500; 4366,300;    0,000
 621,57;43715,000; 3960,900;    0,000
 621,84;43761,500; 3931,100;    0,000
 622,11;43604,500; 3530,400;    0,000
 622,37;43898,000; 4384,200;    0,000
 622,64;43382,000; 3697,600;    0,000
 622,91;43320,000; 3401,300;    0,000
 623,17;43334,500; 3497,900;    0,000
 623,44;43873,000; 3649,300;    0,000
 623,71;43001,500; 2682,100;    0,000
 623,97;42683,500; 2807,200;    0,000
 624,24;42363,500; 2650,700;    0,000
 624,51;42534,500; 2624,400;    0,000
 624,77;41824,000; 2867,200;    0,000
 625,04;41743,500; 2618,700;    0,000
 625,30;41431,500; 2312,600;    0,000
 625,57;41505,500; 3687,900;    0,000
 625,84;41030,000; 3669,800;    0,000
 626,10;40736,500; 2755,900;    0,000
 626,37;40766,500; 2982,500;    0,000
 626,64;39766,500; 2315,800;    0,000
 626,90;39572,500; 2315,000;    0,000
 627,17;39367,500; 1813,900;    0,000
 627,44;38903,000; 2269,100;    0,000
 627,70;38651,500; 3282,200;    0,000
 627,97;38492,000; 2355,400;    0,000
 628,23;37389,500; 1814,100;    0,000
 628,50;37470,500; 1362,200;    0,000
 628,77;37303,000; 2059,300;    0,000
 629,03;36804,500; 1846,000;    0,000
 629,30;35933,500; 2142,100;    0,000
 629,56;35421,500; 1449,300;    0,000
 629,83;35094,500; 1588,900;    0,000
 630,10;35098,500; 1784,500;    0,000
 630,36;34425,500; 1500,900;    0,000
 630,63;34208,500; 2858,900;    0,000
 630,89;33074,500; 1273,800;    0,000
 631,16;32835,000; 1363,900;    0,000
 631,43;32766,000; 2752,300;    0,000
 631,69;31616,500; 1310,400;    0,000
 631,96;30965,500; 1826,100;    0,000
 632,22;30632,000; 1400,300;    0,000
 632,49;30271,000;  789,600;    0,000
 632,75;29829,000; 1153,400;    0,000
 633,02;29302,500; 1418,200;    0,000
 633,29;29226,500; 1872,200;    0,000
 633,55;28690,500; 1618,000;    0,000
 633,82;27876,500; 1593,800;    0,000
 634,08;27231,000; 1572,200;    0,000
 634,35;26696,000; 1598,100;    0,000
 634,61;26326,500;  366,500;    0,000
 634,88;25952,000;  452,400;    0,000
 635,14;26006,500; 1404,300;    0,000
 635,41;25336,500; 1348,300;    0,000
 635,68;24585,500; 1622,700;    0,000
 635,94;24325,000; 1521,100;    0,000
 636,21;23680,500; 1536,400;    0,000
 636,47;23275,000; 1242,700;    0,000
 636,74;22952,500; 1809,300;    0,000
 637,00;22469,500;  916,100;    0,000
 637,27;21629,000; 1011,000;    0,000
 637,53;21369,000;  162,300;    0,000
 637,80;20670,000;  577,000;    0,000
 638,06;20453,000; 2100,700;    0,000
 638,33;20178,000;  944,000;    0,000
 638,59;19588,500;  611,600;    0,000
 638,86;19221,000;  620,500;    0,000
 639,12;18865,500;  790,700;    0,000
 639,39;18381,000; 1356,200;    0,000
 639,65;18071,000; 1306,700;    0,000
 639,92;17678,000;  882,200;    0,000
 640,18;17235,500;   24,200;    0,000
 640,45;17187,500; 2494,900;    0,000
 640,71;16322,000;  177,300;    0,000
 640,98;16280,000;  663,800;    0,000
 641,24;15579,000;  818,700;    0,000
 641,51;15290,000;  449,500;    0,000
 641,77;15039,500;  843,900;    0,000
 642,04;14641,500; 1490,700;    0,000
 642,30;14325,500;  361,700;    0,000
 642,57;14265,000; 1033,000;    0,000
 642,83;13638,000;  195,200;    0,000
 643,10;13357,500;  452,900;    0,000
 643,36;12921,500; -105,900;    0,000
 643,62;12696,000; 1451,100;    0,000
 643,89;12379,000;  281,400;    0,000
 644,15;12384,500; 1563,700;    0,000
 644,42;12138,500;  730,700;    0,000
 644,68;11747,500;  777,800;    0,000
 644,95;11633,500; 2010,400;    0,000
 645,21;11266,000; 1203,000;    0,000
 645,48;10869,000;  971,500;    0,000
 645,74;10566,000;  182,500;    0,000
 646,00;10382,500;  584,700;    0,000
 646,27;10221,000;  490,600;    0,000
 646,53; 9963,000; -233,400;    0,000
 646,80; 9612,000; -234,200;    0,000
 647,06; 9505,500;  617,100;    0,000
 647,32; 9459,500; 1067,000;    0,000
 647,59; 8821,500;  -25,200;    0,000
 647,85; 8481,000; -225,400;    0,000
 648,12; 8609,500;  318,900;    0,000
 648,38; 8239,000; 1019,500;    0,000
 648,65; 8002,500;  630,600;    0,000
 648,91; 7975,500;  263,400;    0,000
 649,17; 7832,500;  227,800;    0,000
 649,44; 7574,500;   55,100;    0,000
 649,70; 7379,500;    1,400;    0,000
 649,96; 7259,500; 1414,000;    0,000
 650,23; 6944,500; -316,100;    0,000
 650,49; 6726,000;  148,600;    0,000
 650,76; 6760,000;  -36,800;    0,000
 651,02; 6527,000;  370,100;    0,000
 651,28; 6361,500;  277,000;    0,000
 651,55; 6170,000;  -44,500;    0,000
 651,81; 6316,500;  389,800;    0,000
 652,07; 6273,500;  923,500;    0,000
 652,34; 6057,000;  292,400;    0,000
 652,60; 5715,000;  -93,500;    0,000
 652,87; 5806,500;  809,400;    0,000
 653,13; 5552,000; -273,400;    0,000
 653,39; 5355,500;  105,100;    0,000
 653,66; 5193,000; -372,900;    0,000
 653,92; 5172,000;  -24,400;    0,000
 654,18; 5159,000;  -79,900;    0,000
 654,45; 4835,500;  325,100;    0,000
 654,71; 4664,500; -670,300;    0,000
 654,97; 4477,500; -495,800;    0,000
 655,24; 4625,500;   84,300;    0,000
 655,50; 4515,000; -164,900;    0,000
 655,76; 4467,500;   56,000;    0,000
 656,03; 4454,000;   98,300;    0,000
 656,29; 4318,000; -128,800;    0,000
 656,55; 4065,500; -520,900;    0,000
 656,81; 4306,000;  476,400;    0,000
 657,08; 4191,500;  487,500;    0,000
 657,34; 3950,500; -457,300;    0,000
 657,60; 3873,500; -272,800;    0,000
 657,87; 3889,500;  230,500;    0,000
 658,13; 3987,000;  394,400;    0,000
 658,39; 3600,000; -260,100;    0,000
 658,66; 3567,000; -514,000;    0,000
 658,92; 3521,500; -241,800;    0,000
 659,18; 3484,500; -439,900;    0,000
 659,44; 3594,000;  547,700;    0,000
 659,71; 3450,000; -453,100;    0,000
 659,97; 3311,000;  702,000;    0,000
 660,23; 3380,500; -207,900;    0,000
 660,50; 3386,000; -107,500;    0,000
 660,76; 3276,500; -327,200;    0,000
 661,02; 3280,500;  120,200;    0,000
 661,28; 3381,500;  255,100;    0,000
 661,55; 3113,500;  192,200;    0,000
 661,81; 3083,500; -734,700;    0,000
 662,07; 3023,500; -231,900;    0,000
 662,33; 3080,000; -462,800;    0,000
 662,60; 2763,500; -711,100;    0,000
 662,86; 3071,500;  607,200;    0,000
 663,12; 3087,500;  526,200;    0,000
 663,38; 2949,500; -208,300;    0,000
 663,65; 2961,500;  505,400;    0,000
 663,91; 2922,500;  470,000;    0,000
 664,17; 2804,000;   -6,500;    0,000
 664,43; 2754,500; -109,000;    0,000
 664,69; 2742,000; -642,400;    0,000
 664,96; 2784,500;  308,900;    0,000
 665,22; 2773,500; -163,300;    0,000
 665,48; 2829,500;  -62,400;    0,000
 665,74; 2712,000;  314,700;    0,000
 666,01; 2808,500;  586,100;    0,000
 666,27; 2488,500; -604,200;    0,000
 666,53; 2539,500;   27,300;    0,000
 666,79; 2629,500;  -96,700;    0,000
 667,05; 2467,500; -569,700;    0,000
 667,32; 2526,500; -424,200;    0,000
 667,58; 2609,000;  241,200;    0,000
 667,84; 2650,500;  -73,800;    0,000
 668,10; 2469,500; -523,500;    0,000
 668,36; 2772,500; 1288,600;    0,000
 668,63; 2581,000;  -92,400;    0,000
 668,89; 2441,000; -321,200;    0,000
 669,15; 2425,000; -703,900;    0,000
 669,41; 2673,500; 1249,600;    0,000
 669,67; 2636,000; -242,900;    0,000
 669,93; 2624,000;  433,200;    0,000
 670,20; 2471,000;  -31,500;    0,000
 670,46; 2463,000;  -56,000;    0,000
 670,72; 2594,500;  265,900;    0,000
 670,98; 2663,500;  916,500;    0,000
 671,24; 2501,500;  257,300;    0,000
 671,50; 2513,000;  816,800;    0,000
 671,76; 2594,000;  215,300;    0,000
 672,03; 2631,500;  767,800;    0,000
 672,29; 2501,500;  -57,700;    0,000
 672,55; 2362,500; -807,200;    0,000
 672,81; 2505,000; -316,400;    0,000
 673,07; 2541,500; -195,700;    0,000
 673,33; 2500,500; -264,200;    0,000
 673,59; 2379,500;  346,900;    0,000
 673,86; 2525,000; -303,000;    0,000
 674,12; 2688,000;  525,400;    0,000
 674,38; 2519,500;  -86,500;    0,000
 674,64; 2619,000;  602,100;    0,000
 674,90; 2549,500; -444,000;    0,000
 675,16; 2587,000;  319,400;    0,000
 675,42; 2655,000;  488,200;    0,000
 675,68; 2613,500;  308,100;    0,000
 675,94; 2480,500;  185,200;    0,000
 676,21; 2449,500; -502,900;    0,000
 676,47; 2588,500;  168,800;    0,000
 676,73; 2527,000; -733,400;    0,000
 676,99; 2618,500;  105,800;    0,000
 677,25; 2800,000;  787,300;    0,000
 677,51; 2503,500; -294,500;    0,000
 677,77; 2694,500;  284,500;    0,000
 678,03; 2808,500; 1015,600;    0,000
 678,29; 2630,000; -614,500;    0,000
 678,55; 2879,500;    7,500;    0,000
 678,81; 2664,500; -424,000;    0,000
 679,07; 2814,000;  512,100;    0,000
 679,33; 2660,000; -160,500;    0,000
 679,59; 2737,500;  589,800;    0,000
 679,86; 2637,000; -335,200;    0,000
 680,12; 2698,000; -919,100;    0,000
 680,38; 2823,500;  -81,900;    0,000
 680,64; 2869,500;  408,500;    0,000
 680,90; 2799,000;  367,100;    0,000
 681,16; 2799,000; -230,000;    0,000
 681,42; 2806,500;   40,100;    0,000
 681,68; 2781,500;   38,300;    0,000
 681,94; 2670,000; -359,900;    0,000
 682,20; 2870,000; -758,800;    0,000
 682,46; 2710,000; -710,400;    0,000
 682,72; 2841,000; -471,600;    0,000
 682,98; 2787,000; -429,300;    0,000
 683,24; 2894,500;  297,200;    0,000
 683,50; 3036,500;  245,100;    0,000
 683,76; 2972,500;  -50,400;    0,000
 684,02; 3090,000;  178,800;    0,000
 684,28; 3082,000; -889,300;    0,000
 684,54; 2826,500; -553,600;    0,000
 684,80; 2900,000; -825,100;    0,000
 685,06; 2904,000; -751,000;    0,000
 685,32; 3092,000; -192,300;    0,000
 685,58; 3113,500; -627,700;    0,000
 685,84; 3100,000; -589,500;    0,000
 686,10; 3433,500;  560,700;    0,000
 686,36; 3068,500; -205,800;    0,000
 686,62; 2979,500; -364,600;    0,000
 686,88; 3185,500; -283,800;    0,000
 687,14; 3342,500; -668,400;    0,000
 687,40; 3232,500; -233,100;    0,000
 687,66; 3307,500;  -85,500;    0,000
 687,92; 3214,500; -397,800;    0,000
 688,18; 3164,000; -171,300;    0,000
 688,44; 3401,000;  -82,000;    0,000
 688,70; 3477,500;  102,700;    0,000
 688,96; 3354,500; -121,100;    0,000
 689,22; 3491,000; -196,900;    0,000
 689,48; 3541,500; -197,800;    0,000
 689,73; 3427,000; -407,000;    0,000
 689,99; 3494,500;  -88,900;    0,000
 690,25; 3550,500; -167,600;    0,000
 690,51; 3821,000;  119,600;    0,000
 690,77; 3692,500; -456,900;    0,000
 691,03; 3852,500;  -16,200;    0,000
 691,29; 3865,000; -472,200;    0,000
 691,55; 3792,000; -478,000;    0,000
 691,81; 4105,000; -108,200;    0,000
 692,07; 4018,000; -459,800;    0,000
 692,33; 4233,000;  259,300;    0,000
 692,59; 4305,000;  223,000;    0,000
 692,85; 4511,500;  367,600;    0,000
 693,10; 4300,000; -166,000;    0,000
 693,36; 4559,500;  399,500;    0,000
 693,62; 4446,000;  -52,300;    0,000
 693,88; 4463,000;  175,000;    0,000
 694,14; 4533,500; -148,000;    0,000
 694,40; 4275,500;  -75,700;    0,000
 694,66; 4716,500; -748,700;    0,000
 694,92; 4616,500; -613,100;    0,000
 695,18; 4588,000; -331,800;    0,000
 695,43; 4712,000; -353,100;    0,000
 695,69; 4831,500;  284,500;    0,000
 695,95; 4671,500; -321,000;    0,000
 696,21; 4705,000; -595,700;    0,000
 696,47; 4804,500;  447,000;    0,000
 696,73; 4730,000;  427,500;    0,000
 696,99; 4982,500;  304,200;    0,000
 697,25; 5017,500;  476,800;    0,000
 697,50; 4916,000; -312,600;    0,000
 697,76; 4951,000; -160,700;    0,000
 698,02; 5093,500; -233,900;    0,000
 698,28; 4964,000;  -45,700;    0,000
 698,54; 5084,000;  324,600;    0,000
 698,80; 5277,000; -179,000;    0,000
 699,05; 4954,000; -525,300;    0,000
 699,31; 5119,500; -295,400;    0,000
 699,57; 5191,500; -419,200;    0,000
 699,83; 5285,000; -322,000;    0,000
 700,09; 5580,000;  799,400;    0,000
 700,35; 5345,500; 1292,000;    0,000
 700,60; 5192,500; -700,300;    0,000
 700,86; 5546,500;  383,400;    0,000
 701,12; 5649,000; -134,800;    0,000
 701,38; 5771,000;  808,300;    0,000
 701,64; 5836,000;  572,400;    0,000
 701,89; 6002,000; -531,100;    0,000
 702,15; 6025,500;  271,300;    0,000
 702,41; 5918,500; -322,200;    0,000
 702,67; 6060,000; -582,900;    0,000
 702,93; 6284,000; -275,700;    0,000
 703,18; 6095,500; -271,300;    0,000
 703,44; 6293,500; 1031,600;    0,000
 703,70; 6323,500; -115,300;    0,000
 703,96; 6129,000; -168,400;    0,000
 704,22; 6514,500; 1679,300;    0,000
 704,47; 6439,500;  220,400;    0,000
 704,73; 6374,500;  335,400;    0,000
 704,99; 6455,500;  202,300;    0,000
 705,25; 6412,000; -181,000;    0,000
 705,50; 6569,000;  -64,200;    0,000
 705,76; 6436,000;   59,400;    0,000
 706,02; 6521,000; -280,900;    0,000
 706,28; 6911,000;  729,900;    0,000
 706,53; 6726,500; -404,500;    0,000
 706,79; 6563,000; -355,400;    0,000
 707,05; 6713,500;  600,100;    0,000
 707,31; 6481,000; -237,800;    0,000
 707,56; 6862,000; 1367,600;    0,000
 707,82; 6794,000; -338,600;    0,000
 708,08; 6722,500;  478,100;    0,000
 708,34; 6847,500; -343,400;    0,000
 708,59; 6701,500; -264,900;    0,000
 708,85; 7074,500;  376,500;    0,000
 709,11; 6837,500; -668,400;    0,000
 709,36; 6906,000;  550,200;    0,000
 709,62; 6918,500; -394,200;    0,000
 709,88; 6889,500;  286,900;    0,000
 710,14; 6775,000; -127,400;    0,000
 710,39; 6956,000;  375,200;    0,000
 710,65; 6796,000; -266,900;    0,000
 710,91; 6578,000; -264,600;    0,000
 711,16; 6998,500;  294,100;    0,000
 711,42; 6868,000; -517,700;    0,000
 711,68; 6673,000;   93,600;    0,000
 711,93; 6632,500; -435,500;    0,000
 712,19; 6706,500;  882,200;    0,000
 712,45; 6553,500;  450,100;    0,000
 712,70; 6560,500;   -1,500;    0,000
 712,96; 6426,000;  377,900;    0,000
 713,22; 6174,000; -387,700;    0,000
 713,47; 5960,000; -414,700;    0,000
 713,73; 6155,500; -831,400;    0,000
 713,99; 6049,000; -726,400;    0,000
 714,24; 6081,500; 1586,200;    0,000
 714,50; 5798,500; -761,600;    0,000
 714,76; 5915,000; -539,500;    0,000
 715,01; 5846,000; -484,700;    0,000
 715,27; 5902,000; -269,600;    0,000
 715,53; 6123,500; -217,100;    0,000
 715,78; 5998,000; -200,500;    0,000
 716,04; 5699,000; -163,000;    0,000
 716,30; 5945,500;  284,300;    0,000
 716,55; 5771,500; -373,600;    0,000
 716,81; 5822,500;   93,800;    0,000
 717,07; 5780,500;  162,000;    0,000
 717,32; 5689,000; -334,100;    0,000
 717,58; 5697,500;  141,800;    0,000
 717,83; 5914,500;  504,000;    0,000
 718,09; 5861,000;  199,900;    0,000
 718,35; 5688,000; -444,300;    0,000
 718,60; 5909,000;  107,100;    0,000
 718,86; 5860,500;  703,500;    0,000
 719,11; 5523,000; -297,000;    0,000
 719,37; 5605,500; -337,800;    0,000
 719,63; 5467,500;  267,700;    0,000
 719,88; 5653,500;  768,200;    0,000
 720,14; 5512,500; -497,400;    0,000
 720,39; 5412,000; -377,000;    0,000
 720,65; 5214,000; -668,700;    0,000
 720,91; 5497,500;   72,500;    0,000
 721,16; 5620,000;  609,600;    0,000
 721,42; 5524,000;  105,300;    0,000
 721,67; 5527,500;  610,400;    0,000
 721,93; 5402,000; -563,300;    0,000
 722,18; 5698,000;  457,300;    0,000
 722,44; 5635,500;  292,900;    0,000
 722,69; 5603,500;  816,900;    0,000
 722,95; 5639,500;    2,800;    0,000
 723,21; 5351,500;  217,000;    0,000
 723,46; 5520,000;  575,700;    0,000
 723,72; 5331,500; -267,600;    0,000
 723,97; 5467,500;   83,800;    0,000
 724,23; 5714,000;  594,900;    0,000
 724,48; 5853,500;  769,700;    0,000
 724,74; 5527,500; -130,300;    0,000
 724,99; 5648,500; -553,600;    0,000
 725,25; 5676,500; -120,400;    0,000
 725,50; 5770,500;   26,500;    0,000
 725,76; 5836,500;  894,600;    0,000
 726,01; 5695,500; -304,800;    0,000
 726,27; 5784,000;  -70,700;    0,000
 726,52; 5994,000; -375,800;    0,000
 726,78; 5750,500; -108,200;    0,000
 727,04; 5953,000; -211,900;    0,000
 727,29; 5745,500; -127,100;    0,000
 727,55; 5532,000; -227,600;    0,000
 727,80; 5719,500;    2,000;    0,000
 728,05; 5676,000; -720,800;    0,000
 728,31; 5742,000; -114,800;    0,000
 728,56; 5467,500; -892,800;    0,000
 728,82; 5534,500; -390,300;    0,000
 729,07; 5670,500;   32,700;    0,000
 729,33; 5599,500; -261,000;    0,000
 729,58; 5662,000; -510,700;    0,000
 729,84; 5572,500;   35,800;    0,000
 730,09; 5750,000;  632,400;    0,000
 730,35; 5432,500;  -85,700;    0,000
 730,60; 5448,500; -891,800;    0,000
 730,86; 5419,500;  -45,500;    0,000
 731,11; 5246,000; -872,100;    0,000
 731,37; 5426,500; -323,400;    0,000
 731,62; 5421,000; -303,500;    0,000
 731,88; 5449,000; -471,600;    0,000
 732,13; 5407,500;  142,700;    0,000
 732,38; 5985,500;  591,600;    0,000
 732,64; 6056,000;  357,500;    0,000
 732,89; 6563,000; 1607,500;    0,000
 733,15; 6586,500; -327,100;    0,000
 733,40; 6680,000; -366,100;    0,000
 733,66; 6913,500;  -92,600;    0,000
 733,91; 7173,500;  293,600;    0,000
 734,16; 7276,000; -550,100;    0,000
 734,42; 7216,000;  -96,300;    0,000
 734,67; 7414,500;   98,000;    0,000
 734,93; 7270,500; -443,800;    0,000
 735,18; 8869,500; -375,300;    0,000
 735,43; 7433,500; -456,100;    0,000
 735,69; 7321,500; -343,500;    0,000
 735,94; 7922,000;  514,000;    0,000
 736,20; 7386,000; -323,500;    0,000
 736,45; 7491,000;   81,700;    0,000
 736,70; 7534,500; -432,500;    0,000
 736,96; 7304,500; -328,600;    0,000
 737,21; 7389,500; -271,100;    0,000
 737,47; 7192,500;  139,700;    0,000
 737,72; 7424,000; -654,800;    0,000
 737,97; 7337,000;  -24,100;    0,000
 738,23; 7240,000; -242,600;    0,000
 738,48; 7371,000;  363,600;    0,000
 738,73; 7341,000; -938,400;    0,000
 738,99; 7554,500;  311,000;    0,000
 739,24; 7178,500; -154,800;    0,000
 739,49; 7275,500; -370,300;    0,000
 739,75; 7164,000; -106,300;    0,000
 740,00; 6982,000;  -48,100;    0,000
 740,26; 7331,000;  171,100;    0,000
 740,51; 7165,000;  183,100;    0,000
 740,76; 6877,500; -554,500;    0,000
 741,02; 7067,500;  532,500;    0,000
 741,27; 6837,000;  301,400;    0,000
 741,52; 6942,000;  197,700;    0,000
 741,78; 6635,500; -645,100;    0,000
 742,03; 6803,000;   27,000;    0,000
 742,28; 6750,500;  208,600;    0,000
 742,53; 6209,000; -190,300;    0,000
 742,79; 6118,500; -891,700;    0,000
 743,04; 5830,500; -678,600;    0,000
 743,29; 5916,500;  -89,700;    0,000
 743,55; 5763,000; -197,200;    0,000
 743,80; 5812,500; -613,800;    0,000
 744,05; 5867,500;  587,200;    0,000
 744,31; 5927,000; 1169,800;    0,000
 744,56; 6239,000;  -80,400;    0,000
 744,81; 6215,500; -163,300;    0,000
 745,06; 6359,000;  322,900;    0,000
 745,32; 6467,500;  449,800;    0,000
 745,57; 6497,000; -831,700;    0,000
 745,82; 6995,500; -118,900;    0,000
 746,08; 7444,500;  -32,800;    0,000
 746,33; 7675,500;  285,300;    0,000
 746,58; 7772,000; -628,800;    0,000
 746,83; 8317,000;   34,200;    0,000
 747,09; 8582,000; -211,400;    0,000
 747,34; 8836,000; -491,300;    0,000
 747,59; 8939,500; -418,200;    0,000
 747,84; 9292,500;    4,400;    0,000
 748,10; 9367,000; -128,200;    0,000
 748,35; 9557,500;  736,000;    0,000
 748,60; 9608,500; -744,000;    0,000
 748,85; 9745,500;  411,900;    0,000
 749,11; 9834,000; -372,500;    0,000
 749,36;10094,000;  395,700;    0,000
 749,61; 9593,500; -775,300;    0,000
 749,86; 9885,000; -290,500;    0,000
 750,12; 9862,000; -580,400;    0,000
 750,37;10042,000; -340,000;    0,000
 750,62;10145,500;  -53,300;    0,000
 750,87;10588,500;  100,900;    0,000
 751,12; 9901,000; -121,600;    0,000
 751,38;10212,500;  791,500;    0,000
 751,63;10062,500; -439,600;    0,000
 751,88; 9786,500; -283,500;    0,000
 752,13; 9802,000; -475,700;    0,000
 752,38; 9874,500;   -0,100;    0,000
 752,64; 9784,000;  422,500;    0,000
 752,89; 9714,000;  273,600;    0,000
 753,14; 9850,000;  402,400;    0,000
 753,39; 9556,500;  778,700;    0,000
 753,64; 9125,500;  116,900;    0,000
 753,89; 9332,000;  186,700;    0,000
 754,15; 8924,500; -936,600;    0,000
 754,40; 8824,500;  -89,400;    0,000
 754,65; 8420,000; -654,700;    0,000
 754,90; 8317,500;  463,800;    0,000
 755,15; 8451,500; 1202,800;    0,000
 755,40; 7864,000;  127,700;    0,000
 755,66; 7418,500; -191,300;    0,000
 755,91; 7136,500;  -16,600;    0,000
 756,16; 7048,000;  852,000;    0,000
 756,41; 6624,500; -317,600;    0,000
 756,66; 6128,500; -541,000;    0,000
 756,91; 5795,000; -237,700;    0,000
 757,16; 5824,500; 1452,300;    0,000
 757,42; 5923,500; -614,000;    0,000
 757,67; 6121,000; -384,200;    0,000
 757,92; 6659,000; -215,600;    0,000
 758,17; 6769,000;  -41,600;    0,000
 758,42; 6820,000; -303,600;    0,000
 758,67; 7243,000; -131,700;    0,000
 758,92; 7318,500; -278,500;    0,000
 759,17; 7641,000;  314,900;    0,000
 759,43; 8118,000; -795,400;    0,000
 759,68; 8286,500;  -87,500;    0,000
 759,93; 8488,000; -395,200;    0,000
 760,18; 8670,500;  162,000;    0,000
 760,43; 8894,000; -677,300;    0,000
 760,68; 9008,500;  131,800;    0,000
 760,93; 9290,000;  121,900;    0,000
 761,18; 9530,500;  504,900;    0,000
 761,43; 9560,000;   60,700;    0,000
 761,68; 9522,500;  322,500;    0,000
 761,93; 9632,000; -653,200;    0,000
 762,19; 9529,500; -711,000;    0,000
 762,44; 9849,000; -349,600;    0,000
 762,69; 9606,500; -718,700;    0,000
 762,94; 9866,000; -124,300;    0,000
 763,19; 9751,500;  211,900;    0,000
 763,44; 9913,500;  -11,200;    0,000
 763,69; 9793,000; -201,200;    0,000
 763,94;10060,000;  729,100;    0,000
 764,19; 9616,500;   55,500;    0,000
 764,44; 9919,500; -335,600;    0,000
 764,69; 9559,500;  323,100;    0,000
 764,94; 9457,000; -104,600;    0,000
 765,19; 9467,500; -695,200;    0,000
 765,44; 9353,000;  -45,800;    0,000
 765,69; 9200,000; -250,800;    0,000
 765,94; 9170,500;  494,700;    0,000
 766,19; 9254,000;  387,800;    0,000
 766,44; 9595,500;  397,200;    0,000
 766,69; 9379,000; -189,600;    0,000
 766,94; 9481,500; -672,200;    0,000
 767,19; 9656,000; -369,000;    0,000
 767,44; 9676,500; -319,800;    0,000
 767,69; 9280,000; -412,300;    0,000
 767,94; 9050,500;  523,200;    0,000
 768,19; 8996,000;   29,100;    0,000
 768,44; 8508,500; -189,200;    0,000
 768,69; 8351,000; -254,300;    0,000
 768,94; 8485,000;  176,800;    0,000
 769,19; 7855,500; -620,100;    0,000
 769,44; 7549,500; -101,100;    0,000
 769,69; 7153,500;  701,900;    0,000
 769,94; 6944,500;  408,700;    0,000
 770,19; 6002,000; -304,400;    0,000
 770,44; 5317,500;   72,400;    0,000
 770,69; 4657,500; -335,400;    0,000
 770,94; 4345,500; -527,200;    0,000
 771,19; 4367,500; -558,000;    0,000
 771,44; 4363,000;  -23,200;    0,000
 771,69; 4111,500; -424,800;    0,000
 771,94; 3983,500; -821,700;    0,000
 772,19; 4286,000; -582,700;    0,000
 772,44; 4187,500; -694,100;    0,000
 772,69; 4026,000; -379,600;    0,000
 772,94; 4429,500; -105,500;    0,000
 773,18; 4360,000;  147,300;    0,000
 773,43; 4192,500; -203,300;    0,000
 773,68; 4189,000;  225,100;    0,000
 773,93; 4268,500;  237,200;    0,000
 774,18; 4250,000;  164,700;    0,000
 774,43; 3967,000; -498,200;    0,000
 774,68; 3948,500; -386,500;    0,000
 774,93; 3974,500; 1068,900;    0,000
 775,18; 3884,000;  396,900;    0,000
 775,43; 3788,000; -148,300;    0,000
 775,68; 3926,000;  549,500;    0,000
 775,93; 3694,000; -310,000;    0,000
 776,17; 3512,500; -570,100;    0,000
 776,42; 3419,500; -246,300;    0,000
 776,67; 3338,500; -140,800;    0,000
 776,92; 3338,500; -143,900;    0,000
 777,17; 3293,500;  283,600;    0,000
 777,42; 2945,000; -661,600;    0,000
 777,67; 2843,500; -512,500;    0,000
 777,92; 2719,000; -459,400;    0,000
 778,16; 2842,000; 1283,900;    0,000
 778,41; 2379,500; -645,300;    0,000
 778,66; 2332,000;  291,600;    0,000
 778,91; 1982,500; -427,000;    0,000
 779,16; 1771,000; -647,600;    0,000
 779,41; 1478,500; -604,600;    0,000
 779,66; 1365,000;  -78,200;    0,000
 779,90; 1137,000; -628,400;    0,000
 780,15; 1206,500;  164,700;    0,000
 780,40; 1092,500; -439,900;    0,000
 780,65; 1171,500; -350,100;    0,000
 780,90;  979,500; -687,900;    0,000
 781,15; 1097,000;  -51,400;    0,000
 781,39; 1164,000; -132,600;    0,000
 781,64; 1134,000; -312,600;    0,000
 781,89;  933,500; -787,900;    0,000
 782,14; 1014,000;   33,000;    0,000
 782,39; 1102,000; -348,500;    0,000
 782,63;  960,500; -501,300;    0,000
 782,88; 1151,500;  169,100;    0,000
 783,13; 1133,500;   18,200;    0,000
 783,38;  937,500; -739,700;    0,000
 783,63;  939,500; -662,100;    0,000
 783,87;  825,000;-1008,500;    0,000
 784,12;  980,500; -196,400;    0,000
 784,37; 1080,500; -214,600;    0,000
 784,62;  879,000; -447,700;    0,000
 784,87; 1108,500;  747,900;    0,000
 785,11;  870,000; -182,600;    0,000
 785,36;  885,000; -329,700;    0,000
 785,61;  865,500; -486,900;    0,000
 785,86;  871,500; -773,600;    0,000
 786,10; 1033,000;  439,700;    0,000
 786,35;  922,000; -153,700;    0,000
 786,60;  874,000; -796,300;    0,000
 786,85;  853,500; -243,800;    0,000
 787,09;  994,000;  334,300;    0,000
 787,34;  884,500; -444,800;    0,000
 787,59;  884,500;  102,800;    0,000
 787,84;  786,000; -231,200;    0,000
 788,08;  707,500; -514,200;    0,000
 788,33;  777,500; -380,600;    0,000
 788,58;  802,000; -670,700;    0,000
 788,83; 1054,000; -652,700;    0,000
 789,07; 1448,500; -108,800;    0,000
 789,32; 1794,500; 1855,400;    0,000
 789,57; 1716,500;  293,500;    0,000
 789,81; 1666,000; -495,000;    0,000
 790,06; 1835,500;   96,600;    0,000
 790,31; 1870,000; -550,200;    0,000
 790,56; 2025,000; -364,400;    0,000
 790,80; 2017,000; -145,300;    0,000
 791,05; 2157,500; -365,800;    0,000
 791,30; 1955,500; -810,700;    0,000
 791,54; 2327,500;    4,800;    0,000
 791,79; 2374,500; -155,900;    0,000
 792,04; 2226,000; -563,900;    0,000
 792,28; 2362,500; -462,600;    0,000
 792,53; 2300,500;  -51,000;    0,000
 792,78; 2588,500;  650,200;    0,000
 793,02; 2395,500; -143,000;    0,000
 793,27; 2380,000;   55,200;    0,000
 793,52; 2499,500; -136,000;    0,000
 793,76; 2511,000;    2,100;    0,000
 794,01; 2553,500;  139,900;    0,000
 794,26; 2481,500;  -84,200;    0,000
 794,50; 2629,500;  536,800;    0,000
 794,75; 2666,500;  -67,800;    0,000
 795,00; 2756,000; -153,000;    0,000
 795,24; 2944,500; -620,500;    0,000
 795,49; 3231,500; -322,000;    0,000
 795,74; 3532,500; -491,200;    0,000
 795,98; 3802,500;  536,800;    0,000
 796,23; 3956,500; -429,000;    0,000
 796,48; 3998,000; -282,800;    0,000
 796,72; 4118,500; -691,600;    0,000
 796,97; 4324,000;  217,100;    0,000
 797,21; 4566,000; -121,200;    0,000
 797,46; 4320,000; -415,600;    0,000
 797,71; 4544,000;   28,500;    0,000
 797,95; 4373,500; -279,100;    0,000
 798,20; 4608,500;  204,400;    0,000
 798,44; 4398,500; -373,200;    0,000
 798,69; 4671,500;  180,300;    0,000
 798,94; 4616,500; -331,000;    0,000
 799,18; 4343,500; -557,800;    0,000
 799,43; 4624,000;   36,300;    0,000
 799,67; 4568,000;   76,900;    0,000
 799,92; 4504,000;   66,300;    0,000
 800,16; 4400,000; -191,000;    0,000
 800,41; 4354,000;  216,800;    0,000
 800,66; 4063,000; -807,200;    0,000
 800,90; 4088,500;  -71,400;    0,000
 801,15; 3976,500;  -21,300;    0,000
 801,39; 4004,500;  355,900;    0,000
 801,64; 3645,000; -301,100;    0,000
 801,88; 3451,000; -437,600;    0,000
 802,13; 3323,000; -191,300;    0,000
 802,38; 3197,000; -574,100;    0,000
 802,62; 3191,000; -496,900;    0,000
 802,87; 3329,000; -479,200;    0,000
 803,11; 3116,000; -404,700;    0,000
 803,36; 3358,000; -402,500;    0,000
 803,60; 3468,500; -324,500;    0,000
 803,85; 3597,000;  576,700;    0,000
 804,09; 3601,000; -237,100;    0,000
 804,34; 3784,500; -368,200;    0,000
 804,58; 3894,000; -446,900;    0,000
 804,83; 4232,000; -316,400;    0,000
 805,07; 4416,500; -713,600;    0,000
 805,32; 5248,000;  292,300;    0,000
 805,56; 5877,000;  350,800;    0,000
 805,81; 6399,500; -294,700;    0,000
 806,05; 6819,000; -508,000;    0,000
 806,30; 7057,000;   50,400;    0,000
 806,54; 7356,500; -437,800;    0,000
 806,79; 7948,000;  285,900;    0,000
 807,03; 7841,500; -493,600;    0,000
 807,28; 8230,000; -184,500;    0,000
 807,52; 8487,500; -241,500;    0,000
 807,77; 8493,500;   93,200;    0,000
 808,01; 8334,000; -616,400;    0,000
 808,26; 8446,500; -182,900;    0,000
 808,50; 8684,000;  666,100;    0,000
 808,75; 8662,500;  -54,800;    0,000
 808,99; 8769,500;  309,400;    0,000
 809,23; 9042,500;  103,200;    0,000
 809,48; 8786,000; -245,100;    0,000
 809,72; 8806,500;  -56,900;    0,000
 809,97; 8972,000; -307,900;    0,000
 810,21; 9206,500; -316,500;    0,000
 810,46; 9214,000; -177,700;    0,000
 810,70; 9036,500;  331,600;    0,000
 810,95; 9180,000; -216,500;    0,000
 811,19; 9411,500;  789,300;    0,000
 811,43; 9241,000;  880,200;    0,000
 811,68; 9249,500;  -28,200;    0,000
 811,92; 9204,000;  520,600;    0,000
 812,17; 9398,500;  461,700;    0,000
 812,41; 8812,500; -711,500;    0,000
 812,65; 9337,000;  136,100;    0,000
 812,90; 8897,500; 1074,900;    0,000
 813,14; 8986,500;  567,200;    0,000
 813,39; 8733,000;  657,200;    0,000
 813,63; 8185,500; -845,800;    0,000
 813,87; 8133,500;  167,600;    0,000
 814,12; 8185,000;  129,400;    0,000
 814,36; 7703,000;  148,400;    0,000
 814,61; 7904,000; 1703,700;    0,000
 814,85; 7419,500;  -68,400;    0,000
 815,09; 7283,500;  636,700;    0,000
 815,34; 6684,500; -660,400;    0,000
 815,58; 6506,000; -263,800;    0,000
 815,82; 6155,500; -141,700;    0,000
 816,07; 5587,000; -543,700;    0,000
 816,31; 4939,500; -233,100;    0,000
 816,56; 4698,000; -139,200;    0,000
 816,80; 4655,500; 1111,300;    0,000
 817,04; 3935,000; -362,500;    0,000
 817,29; 3487,500; -270,600;    0,000
 817,53; 3118,000;  -22,100;    0,000
 817,77; 2628,000;  -20,800;    0,000
 818,02; 2128,500; -400,900;    0,000
 818,26; 1674,000; -502,900;    0,000
 818,50; 1251,500;  856,900;    0,000
 818,75;  675,000;  894,400;    0,000
 818,99;  251,500; -177,700;    0,000
 819,23;  369,000;  401,300;    0,000
 819,48;  111,500; -500,000;    0,000
 819,72;   21,500;-1002,300;    0,000
 819,96;  164,000; -281,500;    0,000
 820,20;  172,500; -623,500;    0,000
 820,45;  245,000; -579,500;    0,000
 820,69;  450,500;   35,800;    0,000
 820,93;  510,000; -218,200;    0,000
 821,18;  659,000; -241,300;    0,000
 821,42;  554,000; -354,300;    0,000
 821,66;  663,500; -310,200;    0,000
 821,91;  622,000;  -93,500;    0,000
 822,15;  768,500; -370,500;    0,000
 822,39;  715,000; -613,800;    0,000
 822,63; 1127,500; 1887,300;    0,000
 822,88;  906,000;   35,200;    0,000
 823,12;  861,000; -248,400;    0,000
 823,36;  885,500;  218,500;    0,000
 823,60; 1113,000;  535,900;    0,000
 823,85; 1025,000;  -74,300;    0,000
 824,09;  834,500;  -28,600;    0,000
 824,33;  967,000; -340,000;    0,000
 824,57;  842,500; -941,100;    0,000
 824,82;  946,000;  -12,200;    0,000
 825,06;  995,000; -168,100;    0,000
 825,30; 1030,500; -117,200;    0,000
 825,54; 1089,000;  458,000;    0,000
 825,79; 1011,000; -129,800;    0,000
 826,03; 1100,500;  483,200;    0,000
 826,27;  973,000; -493,500;    0,000
 826,51; 1023,000; -396,500;    0,000
 826,75;  967,000; -303,300;    0,000
 827,00; 1087,500;  476,500;    0,000
 827,24; 1112,500; -142,600;    0,000
 827,48; 1062,500;  273,100;    0,000
 827,72; 1015,000;   18,000;    0,000
 827,96;  957,500; -412,100;    0,000
 828,21;  959,000;  186,500;    0,000
 828,45;  998,000;  190,500;    0,000
 828,69; 1019,500;  238,200;    0,000
 828,93; 1019,000;  138,200;    0,000
 829,17;  844,500; -584,900;    0,000
 829,42;  840,000; -677,600;    0,000
 829,66;  882,500; -537,900;    0,000
 829,90;  847,500; -433,500;    0,000
 830,14;  829,000;  -36,800;    0,000
 830,38;  888,000;   61,000;    0,000
 830,62;  764,500;   99,900;    0,000
 830,87;  661,000; -605,300;    0,000
 831,11;  679,500;  528,900;    0,000
 831,35;  519,000; -646,500;    0,000
 831,59;  531,500; -220,100;    0,000
 831,83;  595,000; -100,000;    0,000
 832,07;  650,000;  534,500;    0,000
 832,31;  306,500; -910,300;    0,000
 832,56;  385,000; -247,300;    0,000
 832,80;  369,500;    8,700;    0,000
 833,04;  285,000;   45,700;    0,000
 833,28;  279,000;  -39,200;    0,000
 833,52;  258,000;  586,200;    0,000
 833,76;   25,000; -354,600;    0,000
 834,00; -125,500; -761,300;    0,000
 834,24;   72,000;   50,400;    0,000
 834,48;   84,000;  104,400;    0,000
 834,73;  252,500;   97,300;    0,000
 834,97;  395,000;  -71,700;    0,000
 835,21;  711,000;  716,500;    0,000
 835,45;  735,500;  461,400;    0,000
 835,69;  690,500; -358,800;    0,000
 835,93; 1051,500; 1080,400;    0,000
 836,17; 1032,000; -253,600;    0,000
 836,41; 1282,000;   27,100;    0,000
 836,65; 1723,500;  378,700;    0,000
 836,89; 1907,000;  924,600;    0,000
 837,13; 2063,500;  -37,200;    0,000
 837,37; 2178,500;  137,400;    0,000
 837,61; 2497,000;  627,700;    0,000
 837,86; 2624,500;  349,700;    0,000
 838,10; 2619,500; 1005,300;    0,000
 838,34; 2844,000;  510,000;    0,000
 838,58; 2756,000; -309,000;    0,000
 838,82; 2998,000;   22,900;    0,000
 839,06; 3050,000;  863,400;    0,000
 839,30; 2971,000;  -69,500;    0,000
 839,54; 3242,000;  370,100;    0,000
 839,78; 3235,500; -131,800;    0,000
 840,02; 3403,000; 1369,500;    0,000
 840,26; 3201,500; -159,100;    0,000
 840,50; 3949,000; 2707,000;    0,000
 840,74; 3384,500;  710,100;    0,000
 840,98; 3449,500;   42,200;    0,000
 841,22; 3525,000;  472,500;    0,000
 841,46; 3268,500;  171,500;    0,000
 841,70; 3501,000;  552,700;    0,000
 841,94; 3336,000;  -43,800;    0,000
 842,18; 3384,500; -229,400;    0,000
 842,42; 3411,500;  428,600;    0,000
 842,66; 3405,500; -169,300;    0,000
 842,90; 3395,000; -175,600;    0,000
 843,14; 3482,500;  193,500;    0,000
 843,38; 3362,000;  244,200;    0,000
 843,62; 3370,500;  106,700;    0,000
 843,86; 3467,500;  448,600;    0,000
 844,10; 3440,000;  768,400;    0,000
 844,34; 3261,000;  200,100;    0,000
 844,58; 3079,500; -282,300;    0,000
 844,82; 3087,000;  352,900;    0,000
 845,06; 2867,000;  145,200;    0,000
 845,30; 3080,000;  795,300;    0,000
 845,54; 2769,000; -102,200;    0,000
 845,78; 2782,500; -123,100;    0,000
 846,01; 2492,000; -224,800;    0,000
 846,25; 2476,000;   81,600;    0,000
 846,49; 2567,500;   77,300;    0,000
 846,73; 2505,000;  366,700;    0,000
 846,97; 2365,000; -425,700;    0,000
 847,21; 2384,000;   12,400;    0,000
 847,45; 2037,500; -170,900;    0,000
 847,69; 1834,500; -277,200;    0,000
 847,93; 1734,000;  252,100;    0,000
 848,17; 1698,500; 1239,300;    0,000
 848,41; 1439,500; -154,500;    0,000
 848,65; 1309,500;  270,800;    0,000
 848,88; 1163,000; -150,100;    0,000
 849,12; 1164,000;   86,800;    0,000
 849,36; 1041,500;  731,400;    0,000
 849,60;  920,500; 1181,100;    0,000
 849,84;  991,500; 2110,500;    0,000
 850,08;  748,000; 1044,800;    0,000
 850,32;  584,500;   -8,100;    0,000
 850,56;  614,500;  171,100;    0,000
 850,80;  554,500; -235,100;    0,000
 851,03;  585,500;  154,800;    0,000
 851,27;  649,500;  376,900;    0,000
 851,51;  637,000;  -40,300;    0,000
 851,75;  597,500;    1,400;    0,000
 851,99;  622,000;  -88,400;    0,000
 852,23;  612,500;  259,700;    0,000
 852,47;  694,500;  718,800;    0,000
 852,70;  691,000;  999,600;    0,000
 852,94;  649,500;  364,400;    0,000
 853,18;  673,500;  422,500;    0,000
 853,42;  622,000;  644,700;    0,000
 853,66;  591,500;  192,700;    0,000
 853,90;  543,500;  362,600;    0,000
 854,13;  514,000; -194,400;    0,000
 854,37;  911,500; 1807,000;    0,000
 854,61;  534,500;   47,000;    0,000
 854,85;  637,500;  743,100;    0,000
 855,09;  661,000;  883,100;    0,000
 855,32;  823,500; 1922,300;    0,000
 855,56;  613,500;  416,000;    0,000
 855,80;  554,000;  595,500;    0,000
 856,04;  577,000;  551,100;    0,000
 856,28;  557,000;  893,000;    0,000
 856,51;  510,500;  386,000;    0,000
 856,75;  496,500;  568,500;    0,000
 856,99;  610,500; 1377,600;    0,000
 857,23;  545,500;  928,600;    0,000
 857,47;  506,000;  401,000;    0,000
 857,70;  454,000;  750,500;    0,000
 857,94;  338,500;  702,200;    0,000
 858,18;  332,000;  718,800;    0,000
 858,42;  380,500;  933,700;    0,000
 858,65;  362,000; 1200,600;    0,000
 858,89;  303,500; 1077,700;    0,000
 859,13;  239,000;  845,800;    0,000
 859,37;   12,500;   64,100;    0,000
 859,60;  132,000;  515,800;    0,000
 859,84;  -31,500;  270,400;    0,000
 860,08;  155,500; 1022,200;    0,000
 860,32;    1,000;  261,900;    0,000
 860,55;   15,000;  430,400;    0,000
 860,79;   51,500;  854,300;    0,000
 861,03;  219,000; 1123,300;    0,000
 861,27;  105,000;  463,800;    0,000
 861,50;   38,500;  333,700;    0,000
 861,74;  247,000; 1301,500;    0,000
 861,98;  173,500; 1223,100;    0,000
 862,21;  251,000; 1403,200;    0,000
 862,45;  131,000;  864,100;    0,000
 862,69;  255,000;  947,500;    0,000
 862,92;  160,500;  601,200;    0,000
 863,16;  253,500; 1324,400;    0,000
 863,40;  213,000;  498,100;    0,000
 863,64;  208,000; 1144,800;    0,000
 863,87;   99,500;  399,500;    0,000
 864,11;  255,000; 1137,700;    0,000
 864,35;  150,500;  952,800;    0,000
 864,58;  237,000;  875,900;    0,000
 864,82;  143,500;  605,200;    0,000
 865,06;  187,000; 1230,200;    0,000
 865,29;  198,000; 1233,800;    0,000
 865,53;  280,500; 1251,700;    0,000
 865,77;  357,500; 1662,100;    0,000
 866,00;  243,500; 1044,500;    0,000
 866,24;  343,000; 1522,900;    0,000
 866,47;  394,500; 1770,400;    0,000
 866,71;  285,000; 1182,900;    0,000
 866,95;  363,500; 1272,400;    0,000
 867,18;  298,500; 1026,800;    0,000
 867,42;  242,000; 1288,500;    0,000
 867,66;  285,000; 1106,300;    0,000
 867,89;  385,000; 1640,400;    0,000
 868,13;  505,500; 2140,300;    0,000
 868,36;  292,000; 1102,900;    0,000
 868,60;  273,000; 1112,900;    0,000
 868,84;  289,000; 1560,400;    0,000
 869,07;  363,000; 1326,800;    0,000
 869,31;  386,500; 1666,800;    0,000
 869,55;  378,500; 1492,100;    0,000
 869,78;  457,000; 1904,400;    0,000
 870,02;  366,500; 1472,800;    0,000
 870,25;  272,000; 1293,200;    0,000
 870,49;  508,000; 2377,000;    0,000
 870,72;  481,500; 2335,500;    0,000
 870,96;  410,500; 1974,400;    0,000
 871,20;  405,000; 1942,500;    0,000
 871,43;  335,500; 1313,700;    0,000
 871,67;  421,500; 2341,900;    0,000
 871,90;  356,500; 1750,700;    0,000
 872,14;  346,000; 1796,500;    0,000
 872,37;  428,000; 1918,300;    0,000
 872,61;  316,500; 1885,200;    0,000
 872,85;  413,500; 2162,800;    0,000
 873,08;  320,000; 2048,200;    0,000
 873,32;  513,500; 3160,100;    0,000
 873,55;  597,500; 3460,400;    0,000
 873,79;  490,000; 2944,000;    0,000
 874,02;  587,000; 3490,100;    0,000
 874,26;  485,000; 2987,000;    0,000
 874,49;  492,000; 3450,900;    0,000
 874,73;  537,500; 3625,400;    0,000
 874,96;  659,500; 4530,200;    0,000
 875,20;  592,000; 3755,700;    0,000
 875,43;  511,000; 3687,500;    0,000
 875,67;  674,000; 4587,500;    0,000
 875,90;  785,500; 5206,500;    0,000
 876,14;  852,500; 5730,500;    0,000
 876,37;  801,500; 5307,900;    0,000
 876,61;  836,000; 5427,700;    0,000
 876,84;  809,500; 5722,500;    0,000
 877,08;  815,500; 5893,900;    0,000
 877,31;  962,000; 7156,600;    0,000
 877,55;  990,500; 7427,500;    0,000
 877,78; 1124,500; 8454,100;    0,000
 878,02; 1303,500; 9761,800;    0,000
 878,25; 1367,500; 9893,100;    0,000
 878,49; 1782,000;11550,000;    0,000
 878,72; 1747,500;12647,200;    0,000
 878,96; 2117,000;14653,700;    0,000

