Wave   ;Sample   ;Dark     ;Reference;Scope
 335,38; 8382,000;   28,800;    0,000
 335,67; 9004,500; -230,200;    0,000
 335,96; 8694,500; -666,400;    0,000
 336,25; 9438,500; -257,900;    0,000
 336,54; 9626,500;  500,100;    0,000
 336,83;10066,000; -202,200;    0,000
 337,13;10058,500; -465,200;    0,000
 337,42;10620,500; -104,400;    0,000
 337,71;10923,500; -447,400;    0,000
 338,00;11271,000; -222,900;    0,000
 338,29;11747,000;  -49,600;    0,000
 338,58;12186,000;  573,100;    0,000
 338,87;12884,500; 1056,300;    0,000
 339,16;12862,500; -181,800;    0,000
 339,46;13276,000;  245,700;    0,000
 339,75;13861,500;  655,400;    0,000
 340,04;14298,500;   92,500;    0,000
 340,33;14320,500; -334,000;    0,000
 340,62;15138,500; -201,300;    0,000
 340,91;15503,000; -548,700;    0,000
 341,20;15922,000; -447,200;    0,000
 341,49;16608,000; -507,600;    0,000
 341,78;17176,500; 1118,900;    0,000
 342,07;17623,500;  -10,300;    0,000
 342,37;18100,500; -737,000;    0,000
 342,66;19030,000;  394,600;    0,000
 342,95;19476,000;   38,500;    0,000
 343,24;20068,000; -539,300;    0,000
 343,53;20652,000;  496,100;    0,000
 343,82;21082,500; -271,000;    0,000
 344,11;21812,500;  374,600;    0,000
 344,40;22419,000; -486,200;    0,000
 344,69;23160,500; -169,000;    0,000
 344,98;23731,000; -449,200;    0,000
 345,27;24840,500;  149,800;    0,000
 345,56;25393,000; -108,700;    0,000
 345,85;25898,000;  224,400;    0,000
 346,14;26864,500;  220,600;    0,000
 346,44;27626,000; -652,700;    0,000
 346,73;28662,000; 1197,400;    0,000
 347,02;29448,000;  215,700;    0,000
 347,31;30177,000;  389,500;    0,000
 347,60;31163,500;  -91,000;    0,000
 347,89;31852,000;  747,000;    0,000
 348,18;32868,500; -567,600;    0,000
 348,47;33212,000; -563,600;    0,000
 348,76;34213,500;   98,200;    0,000
 349,05;35040,000;  169,600;    0,000
 349,34;36310,500;    8,200;    0,000
 349,63;37230,000; -242,800;    0,000
 349,92;37564,000;  156,300;    0,000
 350,21;38644,000; -360,800;    0,000
 350,50;39519,500; -222,300;    0,000
 350,79;41049,500; -194,400;    0,000
 351,08;41483,000;  501,400;    0,000
 351,37;42561,000;  568,100;    0,000
 351,66;44046,500; -104,800;    0,000
 351,95;44601,000;  522,400;    0,000
 352,24;45317,000; -132,200;    0,000
 352,53;46204,500; -266,300;    0,000
 352,82;47259,000;  605,200;    0,000
 353,11;47928,500;  412,900;    0,000
 353,40;48752,500;   27,300;    0,000
 353,69;49962,500; -570,700;    0,000
 353,98;50804,500;  269,800;    0,000
 354,27;51838,500; -393,400;    0,000
 354,56;52098,500; -480,700;    0,000
 354,85;53055,000; -267,900;    0,000
 355,14;53310,500; -670,200;    0,000
 355,43;54940,000; -379,700;    0,000
 355,72;55803,500;  211,800;    0,000
 356,01;55161,000; -490,700;    0,000
 356,30;56092,000; -393,300;    0,000
 356,59;56804,000;   19,900;    0,000
 356,88;57646,500; -500,500;    0,000
 357,17;57890,000;  163,800;    0,000
 357,46;59031,000;  919,800;    0,000
 357,75;58964,000; -812,500;    0,000
 358,04;59046,000; 1075,000;    0,000
 358,33;59819,500; -665,100;    0,000
 358,62;60424,000; -482,900;    0,000
 358,91;61287,000; -186,800;    0,000
 359,20;61754,000;   74,000;    0,000
 359,49;61949,000;   -7,200;    0,000
 359,78;62807,000; -367,400;    0,000
 360,07;62446,500; -418,000;    0,000
 360,36;63443,500;  746,700;    0,000
 360,65;63447,000; -123,800;    0,000
 360,94;63127,500;  207,400;    0,000
 361,23;63493,500;   71,600;    0,000
 361,52;63643,500;  836,000;    0,000
 361,81;63656,500; -300,300;    0,000
 362,10;64014,500;  517,500;    0,000
 362,39;63560,500;  -91,800;    0,000
 362,68;63819,000; -219,200;    0,000
 362,97;63776,500;  -55,000;    0,000
 363,26;64173,500; -113,600;    0,000
 363,54;63676,000;  -50,000;    0,000
 363,83;63724,500;  -20,700;    0,000
 364,12;63268,500; -418,900;    0,000
 364,41;63447,500;  370,200;    0,000
 364,70;63883,500;  329,200;    0,000
 364,99;63420,000; -465,600;    0,000
 365,28;63881,000;  -87,100;    0,000
 365,57;63583,500;  102,700;    0,000
 365,86;63359,500; -726,200;    0,000
 366,15;63139,000; -384,200;    0,000
 366,44;63469,000; -195,100;    0,000
 366,73;63517,500;-1003,100;    0,000
 367,02;63145,500; -230,700;    0,000
 367,31;63529,000; -150,200;    0,000
 367,59;63046,500; -537,800;    0,000
 367,88;63665,500; -472,000;    0,000
 368,17;63167,500; -343,600;    0,000
 368,46;63255,000;  -65,500;    0,000
 368,75;63135,500; -117,300;    0,000
 369,04;63293,500; -652,900;    0,000
 369,33;63446,500; -188,600;    0,000
 369,62;63341,000;  111,000;    0,000
 369,91;63364,500;   70,700;    0,000
 370,20;63256,000; -320,300;    0,000
 370,48;62767,500;  336,200;    0,000
 370,77;62986,500;  142,200;    0,000
 371,06;62723,500; -634,200;    0,000
 371,35;63118,500;  364,500;    0,000
 371,64;62644,000; -600,800;    0,000
 371,93;62284,000;  585,900;    0,000
 372,22;62176,000;  235,900;    0,000
 372,51;62209,000; -474,900;    0,000
 372,79;61962,000; -530,300;    0,000
 373,08;61884,000;   58,500;    0,000
 373,37;61752,000; -221,600;    0,000
 373,66;62013,000; -374,100;    0,000
 373,95;61943,500; -491,800;    0,000
 374,24;62080,000; -344,300;    0,000
 374,53;61603,000; -279,900;    0,000
 374,81;62067,500; -251,300;    0,000
 375,10;61918,500;  257,600;    0,000
 375,39;61978,000; -126,300;    0,000
 375,68;61802,000; -444,400;    0,000
 375,97;62184,500; -569,100;    0,000
 376,26;61261,500; -959,900;    0,000
 376,55;61773,000; -252,900;    0,000
 376,83;61741,000; -714,700;    0,000
 377,12;61508,000; -325,700;    0,000
 377,41;60908,000; -902,800;    0,000
 377,70;61155,000; -417,900;    0,000
 377,99;61362,500;  431,700;    0,000
 378,28;61088,000;  161,700;    0,000
 378,56;60537,500; -177,500;    0,000
 378,85;60094,000; -521,100;    0,000
 379,14;60032,500; -833,500;    0,000
 379,43;59279,500; -448,400;    0,000
 379,72;59139,000; -940,200;    0,000
 380,01;58959,000; -208,400;    0,000
 380,29;58835,000;  283,800;    0,000
 380,58;58342,500;   28,500;    0,000
 380,87;57844,000;  185,900;    0,000
 381,16;57057,000; -310,900;    0,000
 381,45;57069,500; -414,600;    0,000
 381,73;55830,500; -723,200;    0,000
 382,02;56261,500;  502,400;    0,000
 382,31;55816,500; -173,100;    0,000
 382,60;55221,500;  -74,300;    0,000
 382,89;54225,000; -297,500;    0,000
 383,17;53875,500;  -45,700;    0,000
 383,46;53226,000; -269,800;    0,000
 383,75;53258,500;  596,600;    0,000
 384,04;51940,000;  363,600;    0,000
 384,33;51771,500; -826,300;    0,000
 384,61;51395,000; -180,100;    0,000
 384,90;50414,000; -545,300;    0,000
 385,19;49613,500; -345,000;    0,000
 385,48;49290,000;   88,300;    0,000
 385,76;48575,000; -354,900;    0,000
 386,05;48025,500; -630,400;    0,000
 386,34;47957,500;  463,700;    0,000
 386,63;46912,000;  -76,700;    0,000
 386,92;45886,500; -949,100;    0,000
 387,20;45479,500; -593,800;    0,000
 387,49;45131,000;  123,900;    0,000
 387,78;44288,500; -338,800;    0,000
 388,07;43911,500;  183,700;    0,000
 388,35;43196,000; -280,400;    0,000
 388,64;42504,000;  180,900;    0,000
 388,93;41682,500; -747,000;    0,000
 389,22;41090,500;  503,100;    0,000
 389,50;40564,500;  414,700;    0,000
 389,79;39927,500; -809,700;    0,000
 390,08;39624,000; -579,400;    0,000
 390,37;38512,500;  175,900;    0,000
 390,65;38179,000; -425,600;    0,000
 390,94;37529,500; -540,300;    0,000
 391,23;36884,500;  237,000;    0,000
 391,52;36071,000;  219,900;    0,000
 391,80;35131,500; -413,900;    0,000
 392,09;34829,000;   92,600;    0,000
 392,38;34205,500;  -61,500;    0,000
 392,66;33452,500; -378,800;    0,000
 392,95;33205,500;   75,900;    0,000
 393,24;32969,000;  358,100;    0,000
 393,53;31418,500;    5,000;    0,000
 393,81;31145,000; -103,000;    0,000
 394,10;30602,500; -390,200;    0,000
 394,39;29960,000; -402,900;    0,000
 394,67;29405,500; -430,000;    0,000
 394,96;28680,500; -832,100;    0,000
 395,25;28133,500;  131,400;    0,000
 395,54;28117,500;  450,100;    0,000
 395,82;27311,000; -510,900;    0,000
 396,11;26711,000;  616,100;    0,000
 396,40;26140,000;   -6,200;    0,000
 396,68;25623,000;   53,600;    0,000
 396,97;24870,000;   33,200;    0,000
 397,26;24406,500;  216,900;    0,000
 397,54;23651,500; -702,200;    0,000
 397,83;22944,000; -936,100;    0,000
 398,12;23412,500;   76,900;    0,000
 398,40;23455,500; -463,400;    0,000
 398,69;29392,000; -543,100;    0,000
 398,98;33358,000; -475,900;    0,000
 399,26;35645,000; -281,000;    0,000
 399,55;37301,500; -849,000;    0,000
 399,84;38043,500; -867,300;    0,000
 400,12;39876,500; -333,900;    0,000
 400,41;40679,000;   57,400;    0,000
 400,70;40798,500; -581,900;    0,000
 400,98;40569,000;  -18,900;    0,000
 401,27;40408,000; -854,500;    0,000
 401,56;40295,000; -242,200;    0,000
 401,84;40095,000;  -76,300;    0,000
 402,13;40089,000; -237,500;    0,000
 402,42;40238,500; -354,900;    0,000
 402,70;39627,000; -179,200;    0,000
 402,99;39549,000; -148,100;    0,000
 403,28;38799,500; -781,400;    0,000
 403,56;39097,500; -527,900;    0,000
 403,85;39028,000;  521,500;    0,000
 404,14;38002,000; -736,100;    0,000
 404,42;38234,500; -793,700;    0,000
 404,71;37824,000; -264,400;    0,000
 404,99;36984,500;-1016,300;    0,000
 405,28;36627,500; -408,200;    0,000
 405,57;36562,000; -650,300;    0,000
 405,85;36408,500; -486,500;    0,000
 406,14;35811,000; -414,700;    0,000
 406,43;35456,500; -260,700;    0,000
 406,71;34686,000; -365,900;    0,000
 407,00;35155,000; 1716,800;    0,000
 407,28;34343,000; -667,300;    0,000
 407,57;33913,000; -514,500;    0,000
 407,86;33673,000; -185,000;    0,000
 408,14;33295,000;  224,200;    0,000
 408,43;32198,500; -306,500;    0,000
 408,71;31376,500; -154,500;    0,000
 409,00;30762,500;  101,000;    0,000
 409,29;29959,000;  126,600;    0,000
 409,57;28393,500; -423,400;    0,000
 409,86;27145,500; -397,700;    0,000
 410,14;25987,500; -541,700;    0,000
 410,43;24199,500; -321,700;    0,000
 410,72;22219,500;   73,900;    0,000
 411,00;20478,000;  571,500;    0,000
 411,29;18081,000;  378,100;    0,000
 411,57;13976,000; -493,900;    0,000
 411,86; 7383,500; -602,400;    0,000
 412,15; 6588,000; -633,800;    0,000
 412,43; 6570,000; -780,600;    0,000
 412,72; 6271,500; -130,000;    0,000
 413,00; 5910,000; -317,300;    0,000
 413,29; 5738,000; -698,900;    0,000
 413,57; 5453,000; -492,500;    0,000
 413,86; 5142,000; -394,400;    0,000
 414,15; 4998,500; -461,900;    0,000
 414,43; 4639,000; -356,300;    0,000
 414,72; 4077,000; -369,500;    0,000
 415,00; 3462,500; -733,700;    0,000
 415,29; 3625,000;  -81,300;    0,000
 415,57; 3392,500; -173,500;    0,000
 415,86; 3218,500; -570,000;    0,000
 416,14; 3098,000; -860,100;    0,000
 416,43; 3030,000;   56,000;    0,000
 416,71; 3084,000; -142,300;    0,000
 417,00; 2773,500; -658,900;    0,000
 417,29; 2658,500; -985,800;    0,000
 417,57; 2718,000; -271,300;    0,000
 417,86; 2752,500;  -41,200;    0,000
 418,14; 2391,000; -535,400;    0,000
 418,43; 2476,000; -531,700;    0,000
 418,71; 2519,500;  530,600;    0,000
 419,00; 2240,000; -645,000;    0,000
 419,28; 2095,500; -879,400;    0,000
 419,57; 2153,000; -443,900;    0,000
 419,85; 2080,000;  154,400;    0,000
 420,14; 2089,000;  503,700;    0,000
 420,42; 2005,000; -732,900;    0,000
 420,71; 2051,000;  258,000;    0,000
 420,99; 1693,500; -256,600;    0,000
 421,28; 1894,000;  306,200;    0,000
 421,56; 1644,500; -571,300;    0,000
 421,85; 1702,500; -605,000;    0,000
 422,13; 1774,500; 1167,200;    0,000
 422,42; 1637,000; -336,800;    0,000
 422,70; 1460,000; -800,600;    0,000
 422,99; 1483,500; -623,900;    0,000
 423,27; 1527,000; -414,100;    0,000
 423,56; 1437,500; -317,200;    0,000
 423,84; 1487,500; -621,500;    0,000
 424,13; 1288,000; -687,500;    0,000
 424,41; 1339,000; -307,900;    0,000
 424,70; 1357,000; -386,200;    0,000
 424,98; 1318,500; -506,300;    0,000
 425,27; 1353,000;  269,600;    0,000
 425,55; 1142,000;-1062,000;    0,000
 425,84; 1316,500;  126,100;    0,000
 426,12; 1207,500; -813,100;    0,000
 426,40; 1062,500; -953,300;    0,000
 426,69; 1221,500;  -97,900;    0,000
 426,97; 1334,000;  594,200;    0,000
 427,26; 1110,000; -535,000;    0,000
 427,54; 1066,000; -799,700;    0,000
 427,83; 1005,000; -538,600;    0,000
 428,11; 1115,000; -418,800;    0,000
 428,40; 1054,000; -748,900;    0,000
 428,68; 1121,500; -224,900;    0,000
 428,97; 1312,000;  973,700;    0,000
 429,25; 1266,000;  -20,300;    0,000
 429,53; 1280,500; -324,800;    0,000
 429,82; 2622,500;  -75,000;    0,000
 430,10; 4179,500; -680,700;    0,000
 430,39; 4697,000; -306,000;    0,000
 430,67; 5246,000;   39,200;    0,000
 430,96; 5602,500; -746,300;    0,000
 431,24; 6103,000;  435,500;    0,000
 431,52; 6617,000;  460,700;    0,000
 431,81; 6954,500;   87,100;    0,000
 432,09; 7040,000; -343,200;    0,000
 432,38; 7144,000; -110,400;    0,000
 432,66; 7299,500; -363,900;    0,000
 432,95; 7279,500; -106,500;    0,000
 433,23; 7345,500; -219,700;    0,000
 433,51; 7008,000; -916,400;    0,000
 433,80; 7267,500; -220,600;    0,000
 434,08; 7417,500;  113,300;    0,000
 434,37; 7239,000; -173,800;    0,000
 434,65; 7370,500; -536,900;    0,000
 434,93; 7301,500;  273,500;    0,000
 435,22; 7278,500; -957,000;    0,000
 435,50; 7554,000; -183,600;    0,000
 435,78; 7261,500; -688,600;    0,000
 436,07; 7347,500; -669,300;    0,000
 436,35; 7639,000;  135,100;    0,000
 436,64; 7192,500; -321,000;    0,000
 436,92; 7460,000; -315,500;    0,000
 437,20; 7303,000; -191,200;    0,000
 437,49; 7181,500; -414,600;    0,000
 437,77; 7290,000; -344,500;    0,000
 438,06; 7420,500;  107,100;    0,000
 438,34; 7202,000; -956,300;    0,000
 438,62; 7375,500; -340,000;    0,000
 438,91; 7329,000; -567,800;    0,000
 439,19; 7187,000; -298,800;    0,000
 439,47; 7000,500; -642,300;    0,000
 439,76; 7015,000;  -19,200;    0,000
 440,04; 6790,000; -570,700;    0,000
 440,32; 6608,500; -330,500;    0,000
 440,61; 6019,000; -793,000;    0,000
 440,89; 6311,500;   82,800;    0,000
 441,17; 6089,000;  270,000;    0,000
 441,46; 5571,000; -377,300;    0,000
 441,74; 5084,500; -762,700;    0,000
 442,02; 4653,500; -569,000;    0,000
 442,31; 4487,000;  453,100;    0,000
 442,59; 3689,500; -261,800;    0,000
 442,87; 2356,000; -610,200;    0,000
 443,16; 1047,000; -811,300;    0,000
 443,44;  986,000; -117,500;    0,000
 443,72; 1106,500; -304,500;    0,000
 444,01; 1115,000; -384,000;    0,000
 444,29; 1063,000; -556,600;    0,000
 444,57; 1188,500; -155,500;    0,000
 444,86; 1237,000;  416,800;    0,000
 445,14; 1091,500;  -99,500;    0,000
 445,42; 1089,500;   -2,400;    0,000
 445,71; 1224,000; -358,700;    0,000
 445,99; 1070,500; -404,100;    0,000
 446,27; 1033,000; -755,500;    0,000
 446,56; 1081,500; -615,300;    0,000
 446,84; 1060,000; -754,600;    0,000
 447,12;  979,000; -974,400;    0,000
 447,40; 1040,500; -732,700;    0,000
 447,69; 1150,500; -196,400;    0,000
 447,97; 1251,000;   -5,500;    0,000
 448,25; 1196,000;  344,500;    0,000
 448,54; 1092,000; -880,800;    0,000
 448,82; 1119,500; -888,800;    0,000
 449,10; 1197,500; -513,200;    0,000
 449,38; 1107,500; -556,500;    0,000
 449,67; 1169,500; -264,100;    0,000
 449,95; 1250,000;  496,000;    0,000
 450,23; 1125,000; -670,700;    0,000
 450,52; 1309,500;  488,800;    0,000
 450,80; 1125,000; -777,600;    0,000
 451,08; 1196,500; -733,900;    0,000
 451,36; 1403,500;  272,900;    0,000
 451,65; 1202,500; -310,200;    0,000
 451,93; 1363,000; -358,100;    0,000
 452,21; 1539,500; 1023,300;    0,000
 452,49; 1247,500; -730,300;    0,000
 452,78; 1265,000; -245,500;    0,000
 453,06; 1329,500; -519,900;    0,000
 453,34; 1274,500; -755,800;    0,000
 453,62; 1324,000; -336,600;    0,000
 453,91; 1159,000; -604,700;    0,000
 454,19; 1604,000; 1589,500;    0,000
 454,47; 1536,000;  628,100;    0,000
 454,75; 1236,500; -688,600;    0,000
 455,04; 1388,000;   -8,600;    0,000
 455,32; 1418,500; -253,300;    0,000
 455,60; 1391,000; -229,400;    0,000
 455,88; 1556,000;  124,500;    0,000
 456,16; 1529,000;  687,500;    0,000
 456,45; 1521,500; -359,400;    0,000
 456,73; 1440,500; -530,800;    0,000
 457,01; 1345,000; -823,800;    0,000
 457,29; 1559,000;  255,700;    0,000
 457,58; 1535,000; -619,100;    0,000
 457,86; 1443,000; -974,700;    0,000
 458,14; 1343,500; -787,200;    0,000
 458,42; 1497,500; -804,700;    0,000
 458,70; 1596,000;  195,100;    0,000
 458,99; 1432,500; -712,700;    0,000
 459,27; 1417,000; -948,000;    0,000
 459,55; 1478,500; -675,800;    0,000
 459,83; 1805,000;  860,500;    0,000
 460,11; 1764,000;  814,100;    0,000
 460,40; 1520,500; -957,300;    0,000
 460,68; 1553,500; -804,200;    0,000
 460,96; 1912,500;  899,500;    0,000
 461,24; 1702,500; -226,400;    0,000
 461,52; 1877,500;  242,400;    0,000
 461,80; 1609,000; -603,500;    0,000
 462,09; 1704,000; -654,300;    0,000
 462,37; 1687,000; -385,900;    0,000
 462,65; 1733,500; -719,600;    0,000
 462,93; 1782,000;   12,800;    0,000
 463,21; 1668,000; -532,100;    0,000
 463,49; 1844,000;   39,800;    0,000
 463,78; 1912,500;  146,100;    0,000
 464,06; 1742,500; -254,600;    0,000
 464,34; 1821,500; -562,100;    0,000
 464,62; 1769,000; -250,900;    0,000
 464,90; 2035,000;  590,200;    0,000
 465,18; 1911,500; -721,600;    0,000
 465,47; 1968,500; -382,500;    0,000
 465,75; 1878,000; -285,000;    0,000
 466,03; 1972,500;   52,200;    0,000
 466,31; 2043,500;  170,800;    0,000
 466,59; 2046,000;  -53,700;    0,000
 466,87; 1906,000;  128,200;    0,000
 467,15; 2005,500; -654,800;    0,000
 467,43; 2062,500; -414,400;    0,000
 467,72; 2053,000; -398,200;    0,000
 468,00; 1885,000; -453,700;    0,000
 468,28; 1866,500; -844,500;    0,000
 468,56; 2030,000; -138,600;    0,000
 468,84; 2077,500; -542,100;    0,000
 469,12; 2052,500;-1021,800;    0,000
 469,40; 2038,000; -561,000;    0,000
 469,68; 2175,000; -433,900;    0,000
 469,97; 2173,500;  -98,900;    0,000
 470,25; 2119,000; -934,200;    0,000
 470,53; 2310,500;   82,500;    0,000
 470,81; 2355,000;  683,900;    0,000
 471,09; 2196,500;  -86,800;    0,000
 471,37; 2225,500;  -19,400;    0,000
 471,65; 2286,500; -552,000;    0,000
 471,93; 2211,500; -499,700;    0,000
 472,21; 2230,000; -426,400;    0,000
 472,49; 2307,500; -221,400;    0,000
 472,77; 2356,000;  -70,500;    0,000
 473,06; 2282,000; -900,300;    0,000
 473,34; 2393,000; -429,000;    0,000
 473,62; 2355,000;  218,200;    0,000
 473,90; 2469,000;  428,800;    0,000
 474,18; 2358,000; -246,200;    0,000
 474,46; 2532,000;   26,700;    0,000
 474,74; 2449,500; -170,300;    0,000
 475,02; 2725,500;  763,000;    0,000
 475,30; 2632,500; 1321,200;    0,000
 475,58; 2312,000; -985,600;    0,000
 475,86; 2452,000; -463,300;    0,000
 476,14; 2453,000; -788,100;    0,000
 476,42; 2536,500; -143,500;    0,000
 476,70; 2814,500;  397,200;    0,000
 476,98; 2630,000;  508,700;    0,000
 477,27; 2608,500;   55,000;    0,000
 477,55; 2472,500; -639,400;    0,000
 477,83; 2772,500; -340,300;    0,000
 478,11; 2560,500; -817,400;    0,000
 478,39; 2613,500;  290,400;    0,000
 478,67; 2613,500;  845,900;    0,000
 478,95; 2809,500;  357,200;    0,000
 479,23; 2695,500; -487,200;    0,000
 479,51; 2683,500; -310,600;    0,000
 479,79; 2774,500;  366,800;    0,000
 480,07; 2524,000; -721,700;    0,000
 480,35; 2686,500; -297,100;    0,000
 480,63; 2702,000; -509,700;    0,000
 480,91; 2757,000; -405,200;    0,000
 481,19; 2838,500;   80,000;    0,000
 481,47; 2690,000; -639,800;    0,000
 481,75; 3692,500; 3113,900;    0,000
 482,03; 2677,000; -706,000;    0,000
 482,31; 2791,500; -341,300;    0,000
 482,59; 2818,000; -289,200;    0,000
 482,87; 2913,500;  105,100;    0,000
 483,15; 2833,500; -548,500;    0,000
 483,43; 3005,000; -187,900;    0,000
 483,71; 2879,500; -709,300;    0,000
 483,99; 3111,500;  699,800;    0,000
 484,27; 3085,500;  352,900;    0,000
 484,55; 3057,000; -594,400;    0,000
 484,83; 2868,500; -431,700;    0,000
 485,11; 3021,000;  -90,600;    0,000
 485,39; 2922,500; -572,900;    0,000
 485,67; 3307,000;  603,500;    0,000
 485,95; 3183,500;  202,900;    0,000
 486,23; 3246,500;  480,300;    0,000
 486,51; 3042,500; -948,400;    0,000
 486,79; 3095,500;  -48,900;    0,000
 487,07; 3264,500;  783,000;    0,000
 487,35; 2830,000;-1137,100;    0,000
 487,63; 3252,500;  693,800;    0,000
 487,91; 3352,500;  190,300;    0,000
 488,18; 3105,000; -474,500;    0,000
 488,46; 3272,500; -180,900;    0,000
 488,74; 3096,000; -737,600;    0,000
 489,02; 3171,500; -894,700;    0,000
 489,30; 3252,500;  856,900;    0,000
 489,58; 3439,000; -264,700;    0,000
 489,86; 3404,500; -497,500;    0,000
 490,14; 3422,000; -606,500;    0,000
 490,42; 3274,000; -722,500;    0,000
 490,70; 3501,500;   22,300;    0,000
 490,98; 3339,500; -414,000;    0,000
 491,26; 3291,500; -617,700;    0,000
 491,54; 3503,000; -100,800;    0,000
 491,82; 3489,500;  316,200;    0,000
 492,10; 3454,000; -154,800;    0,000
 492,37; 3675,000;  408,800;    0,000
 492,65; 3317,000; -514,200;    0,000
 492,93; 3485,000; -792,600;    0,000
 493,21; 3657,500; -297,000;    0,000
 493,49; 3693,500;  -60,900;    0,000
 493,77; 3502,500; -759,000;    0,000
 494,05; 3571,000; -627,900;    0,000
 494,33; 3653,500; -462,100;    0,000
 494,61; 3657,000; -387,300;    0,000
 494,89; 3838,000;  106,000;    0,000
 495,16; 3787,500; -164,400;    0,000
 495,44; 3561,500; -454,500;    0,000
 495,72; 3850,000;  761,700;    0,000
 496,00; 3648,500; -706,500;    0,000
 496,28; 3858,500; -419,200;    0,000
 496,56; 3825,500; -736,100;    0,000
 496,84; 3958,000; -623,800;    0,000
 497,12; 3801,000; -787,600;    0,000
 497,40; 3958,500;  459,600;    0,000
 497,67; 3902,000;  339,000;    0,000
 497,95; 3870,000; -697,600;    0,000
 498,23; 4267,000;  811,600;    0,000
 498,51; 4224,000; -508,000;    0,000
 498,79; 4096,000; -456,500;    0,000
 499,07; 4173,000;  388,400;    0,000
 499,35; 4320,000;  444,700;    0,000
 499,62; 4321,500; -161,900;    0,000
 499,90; 4148,000;  117,500;    0,000
 500,18; 4350,500;  216,300;    0,000
 500,46; 4083,500; -736,500;    0,000
 500,74; 4425,500;  -74,100;    0,000
 501,02; 4375,500; -429,000;    0,000
 501,30; 4452,000; -139,300;    0,000
 501,57; 4498,000;  516,300;    0,000
 501,85; 4740,000;  134,100;    0,000
 502,13; 4543,500;   70,600;    0,000
 502,41; 4537,000; -400,100;    0,000
 502,69; 4703,000; -261,300;    0,000
 502,96; 4958,500; 1538,900;    0,000
 503,24; 4777,000;  365,900;    0,000
 503,52; 4751,000; -119,500;    0,000
 503,80; 4577,500; -210,100;    0,000
 504,08; 4843,000; -547,600;    0,000
 504,36; 4701,000; -507,300;    0,000
 504,63; 4929,000;  456,800;    0,000
 504,91; 4952,500;  239,800;    0,000
 505,19; 5099,000;  531,600;    0,000
 505,47; 5020,500;  282,800;    0,000
 505,75; 5118,500;  199,600;    0,000
 506,02; 5126,500;    1,600;    0,000
 506,30; 5193,500;  615,200;    0,000
 506,58; 5082,500;   28,100;    0,000
 506,86; 5490,500; 1053,000;    0,000
 507,14; 5273,500;  938,800;    0,000
 507,41; 5308,500; -212,600;    0,000
 507,69; 5441,000;  233,500;    0,000
 507,97; 5568,500;  860,500;    0,000
 508,25; 5631,000;  273,400;    0,000
 508,52; 5447,000;  148,400;    0,000
 508,80; 5811,500;  687,100;    0,000
 509,08; 5965,000; 1550,700;    0,000
 509,36; 5784,500;  756,300;    0,000
 509,64; 5780,000;  180,000;    0,000
 509,91; 5803,500;  456,500;    0,000
 510,19; 5920,000;  703,900;    0,000
 510,47; 5727,500;  513,500;    0,000
 510,75; 6107,500; 1156,300;    0,000
 511,02; 6188,000; 1283,900;    0,000
 511,30; 6377,000; 2376,100;    0,000
 511,58; 6429,000; 1374,500;    0,000
 511,86; 6369,000; 1559,800;    0,000
 512,13; 6656,000; 1843,100;    0,000
 512,41; 6410,000; 2656,200;    0,000
 512,69; 6619,500; 2448,600;    0,000
 512,97; 6734,000; 2264,000;    0,000
 513,24; 6473,500; 2091,700;    0,000
 513,52; 6725,000; 1793,100;    0,000
 513,80; 6939,000; 2991,800;    0,000
 514,07; 7036,000; 2713,700;    0,000
 514,35; 6983,000; 2679,500;    0,000
 514,63; 7112,000; 2343,900;    0,000
 514,91; 7304,500; 2674,500;    0,000
 515,18; 7256,000; 2714,900;    0,000
 515,46; 7340,000; 3847,400;    0,000
 515,74; 7447,500; 3272,900;    0,000
 516,01; 7661,000; 4409,300;    0,000
 516,29; 7853,500; 4952,000;    0,000
 516,57; 7823,000; 3776,000;    0,000
 516,85; 7853,000; 3761,600;    0,000
 517,12; 7695,500; 3861,500;    0,000
 517,40; 7975,500; 4444,400;    0,000
 517,68; 7948,000; 4509,100;    0,000
 517,95; 8190,000; 5313,900;    0,000
 518,23; 8282,500; 5641,700;    0,000
 518,51; 8435,000; 6147,700;    0,000
 518,78; 8298,000; 5418,700;    0,000
 519,06; 8689,000; 6688,300;    0,000
 519,34; 8648,000; 7071,800;    0,000
 519,61; 8826,500; 6126,100;    0,000
 519,89; 8787,500; 6965,500;    0,000
 520,17; 8835,500; 7597,000;    0,000
 520,44; 9159,500; 8301,700;    0,000
 520,72; 9261,000; 8449,900;    0,000
 521,00; 9335,000; 8459,300;    0,000
 521,27; 9490,000; 9044,400;    0,000
 521,55; 9651,500; 9640,800;    0,000
 521,83; 9981,000;11201,600;    0,000
 522,10;10078,500;10641,700;    0,000
 522,38;10096,500;10761,000;    0,000
 522,66; 9710,000;10207,600;    0,000
 522,93; 9993,000;11114,300;    0,000
 523,21;10245,500;11711,200;    0,000
 523,49;10179,500;11754,600;    0,000
 523,76;10318,500;12826,800;    0,000
 524,04;10471,500;13406,000;    0,000
 524,32;10398,500;13543,400;    0,000
 524,59;10996,000;15112,400;    0,000
 524,87;10604,500;15253,900;    0,000
 525,14;11033,500;16868,400;    0,000
 525,42;11168,500;16039,800;    0,000
 525,70;11297,500;17283,199;    0,000
 525,97;11672,000;18680,900;    0,000
 526,25;11806,500;18773,600;    0,000
 526,52;12015,500;19217,301;    0,000
 526,80;11598,500;19819,801;    0,000
 527,08;12190,000;20698,199;    0,000
 527,35;12275,500;21093,500;    0,000
 527,63;12604,000;23168,801;    0,000
 527,91;12285,000;23039,900;    0,000
 528,18;12583,000;23777,600;    0,000
 528,46;12448,000;24377,600;    0,000
 528,73;12827,500;25470,699;    0,000
 529,01;13181,500;26645,801;    0,000
 529,28;12786,500;27044,699;    0,000
 529,56;13176,500;28873,801;    0,000
 529,84;13412,000;29689,400;    0,000
 530,11;13452,000;29824,199;    0,000
 530,39;13589,500;31255,500;    0,000
 530,66;13699,500;32119,801;    0,000
 530,94;13837,500;33280,199;    0,000
 531,22;13837,000;34168,801;    0,000
 531,49;14115,000;35731,102;    0,000
 531,77;14168,000;36637,500;    0,000
 532,04;14361,000;38177,199;    0,000
 532,32;14720,000;39223,398;    0,000
 532,59;14519,500;39853,398;    0,000
 532,87;14885,500;41474,301;    0,000
 533,14;15104,000;42684,102;    0,000
 533,42;15370,000;43903,602;    0,000
 533,70;15290,000;44957,301;    0,000
 533,97;15266,000;46357,898;    0,000
 534,25;15580,000;47585,398;    0,000
 534,52;15686,000;49170,801;    0,000
 534,80;15826,000;50903,301;    0,000
 535,07;15945,500;52664,000;    0,000
 535,35;16320,000;53380,602;    0,000
 535,62;16248,000;54923,102;    0,000
 535,90;16273,000;55666,898;    0,000
 536,17;16603,500;58219,500;    0,000
 536,45;16226,500;58571,602;    0,000
 536,72;16542,500;60280,602;    0,000
 537,00;16998,000;61783,500;    0,000
 537,27;17604,500;63138,898;    0,000
 537,55;16868,000;63066,602;    0,000
 537,82;17564,500;63167,301;    0,000
 538,10;17546,500;63127,602;    0,000
 538,37;17590,000;63167,301;    0,000
 538,65;17614,000;63127,602;    0,000
 538,92;17869,500;63167,301;    0,000
 539,20;18141,500;63127,602;    0,000
 539,47;17974,500;63167,301;    0,000
 539,75;18309,000;63127,602;    0,000
 540,02;18279,000;63167,301;    0,000
 540,30;18241,500;63127,602;    0,000
 540,57;18462,000;63167,301;    0,000
 540,85;18560,500;63127,602;    0,000
 541,12;18220,500;63167,301;    0,000
 541,40;18460,500;63127,602;    0,000
 541,67;18582,000;63167,301;    0,000
 541,95;18804,000;63127,602;    0,000
 542,22;18914,500;63167,301;    0,000
 542,50;18556,000;63127,602;    0,000
 542,77;18990,500;63167,301;    0,000
 543,05;18559,000;63127,602;    0,000
 543,32;19016,000;63167,301;    0,000
 543,60;18840,000;63127,602;    0,000
 543,87;19163,500;63167,301;    0,000
 544,14;18738,500;63127,602;    0,000
 544,42;18780,000;63167,301;    0,000
 544,69;19408,000;63127,602;    0,000
 544,97;18865,000;63167,301;    0,000
 545,24;18794,000;63127,602;    0,000
 545,52;19073,500;63167,301;    0,000
 545,79;18852,000;63127,602;    0,000
 546,07;19161,500;63167,301;    0,000
 546,34;18924,500;63127,602;    0,000
 546,61;18896,000;63167,301;    0,000
 546,89;18531,000;63127,602;    0,000
 547,16;18781,000;63167,301;    0,000
 547,44;18755,000;63127,602;    0,000
 547,71;18358,500;63167,301;    0,000
 547,98;18330,000;63127,602;    0,000
 548,26;18588,000;63167,301;    0,000
 548,53;18182,500;63127,602;    0,000
 548,81;18115,500;63167,301;    0,000
 549,08;17977,000;63127,602;    0,000
 549,36;18098,000;63167,301;    0,000
 549,63;17824,000;63127,602;    0,000
 549,90;17479,500;63167,301;    0,000
 550,18;17611,000;63127,602;    0,000
 550,45;17259,000;63167,301;    0,000
 550,72;17009,000;63127,602;    0,000
 551,00;17231,500;63167,301;    0,000
 551,27;16767,500;63127,602;    0,000
 551,55;16644,500;63167,301;    0,000
 551,82;16440,500;63127,602;    0,000
 552,09;16450,500;63167,301;    0,000
 552,37;16126,500;63127,602;    0,000
 552,64;15993,000;63167,301;    0,000
 552,91;15962,000;63127,602;    0,000
 553,19;15652,500;63167,301;    0,000
 553,46;15378,500;63127,602;    0,000
 553,74;15364,500;63167,301;    0,000
 554,01;14852,500;63127,602;    0,000
 554,28;14482,000;63167,301;    0,000
 554,56;14362,500;63127,602;    0,000
 554,83;14486,500;63167,301;    0,000
 555,10;14125,500;63127,602;    0,000
 555,38;14226,500;63167,301;    0,000
 555,65;13651,000;63127,602;    0,000
 555,92;13913,500;63167,301;    0,000
 556,20;13294,500;63127,602;    0,000
 556,47;13233,000;63167,301;    0,000
 556,74;12938,000;63127,602;    0,000
 557,02;12853,500;63167,301;    0,000
 557,29;12661,000;63127,602;    0,000
 557,56;12140,500;63167,301;    0,000
 557,84;12371,500;63127,602;    0,000
 558,11;11894,000;63167,301;    0,000
 558,38;11458,500;63127,602;    0,000
 558,66;11746,500;63167,301;    0,000
 558,93;11542,000;63127,602;    0,000
 559,20;10903,000;63167,301;    0,000
 559,48;10938,000;63127,602;    0,000
 559,75;10349,500;63167,301;    0,000
 560,02;10393,500;63127,602;    0,000
 560,29;10686,500;63167,301;    0,000
 560,57; 9705,500;63127,602;    0,000
 560,84; 9601,000;63167,301;    0,000
 561,11; 9689,000;63127,602;    0,000
 561,39; 9258,000;63167,301;    0,000
 561,66; 9305,000;63127,602;    0,000
 561,93; 8845,000;63167,301;    0,000
 562,20; 8806,500;63127,602;    0,000
 562,48; 8787,000;63167,301;    0,000
 562,75; 8583,000;63127,602;    0,000
 563,02; 8349,000;63167,301;    0,000
 563,30; 8189,500;63127,602;    0,000
 563,57; 7807,500;63167,301;    0,000
 563,84; 7956,500;63127,602;    0,000
 564,11; 7628,000;63167,301;    0,000
 564,39; 7424,500;63127,602;    0,000
 564,66; 7316,000;63167,301;    0,000
 564,93; 7130,500;63127,602;    0,000
 565,20; 7064,500;63167,301;    0,000
 565,48; 6530,000;63127,602;    0,000
 565,75; 8040,500;63167,301;    0,000
 566,02; 6439,000;63127,602;    0,000
 566,29; 6695,500;63167,301;    0,000
 566,57; 6029,500;63127,602;    0,000
 566,84; 5910,500;63167,301;    0,000
 567,11; 5721,000;63127,602;    0,000
 567,38; 5690,500;63167,301;    0,000
 567,65; 5822,500;63127,602;    0,000
 567,93; 5588,000;63167,301;    0,000
 568,20; 5215,000;63127,602;    0,000
 568,47; 5076,000;63167,301;    0,000
 568,74; 4988,500;63127,602;    0,000
 569,02; 5037,500;63167,301;    0,000
 569,29; 5229,000;63127,602;    0,000
 569,56; 4655,500;63167,301;    0,000
 569,83; 4681,000;63127,602;    0,000
 570,10; 4557,500;63167,301;    0,000
 570,38; 4431,500;63127,602;    0,000
 570,65; 4297,500;63167,301;    0,000
 570,92; 4150,000;63127,602;    0,000
 571,19; 4231,000;63167,301;    0,000
 571,46; 3950,500;63127,602;    0,000
 571,74; 3750,000;63167,301;    0,000
 572,01; 4029,000;63127,602;    0,000
 572,28; 3858,500;63167,301;    0,000
 572,55; 3639,500;63127,602;    0,000
 572,82; 3664,500;63167,301;    0,000
 573,09; 3572,000;63127,602;    0,000
 573,37; 3364,000;63167,301;    0,000
 573,64; 3122,500;63127,602;    0,000
 573,91; 3269,000;63167,301;    0,000
 574,18; 3075,000;63127,602;    0,000
 574,45; 3114,500;63167,301;    0,000
 574,72; 3077,000;63127,602;    0,000
 575,00; 2989,500;63167,301;    0,000
 575,27; 2902,500;63127,602;    0,000
 575,54; 2896,000;63167,301;    0,000
 575,81; 2766,000;63127,602;    0,000
 576,08; 2499,500;63167,301;    0,000
 576,35; 2689,500;63127,602;    0,000
 576,63; 2703,500;63167,301;    0,000
 576,90; 2429,000;63127,602;    0,000
 577,17; 2475,500;63167,301;    0,000
 577,44; 2506,500;63127,602;    0,000
 577,71; 2644,000;63167,301;    0,000
 577,98; 2454,500;63127,602;    0,000
 578,25; 2193,000;63167,301;    0,000
 578,52; 2112,000;63127,602;    0,000
 578,80; 2244,500;63167,301;    0,000
 579,07; 2156,000;63127,602;    0,000
 579,34; 2190,500;63167,301;    0,000
 579,61; 2022,500;63127,602;    0,000
 579,88; 2067,000;63167,301;    0,000
 580,15; 2057,500;63127,602;    0,000
 580,42; 2012,000;63167,301;    0,000
 580,69; 1889,500;63127,602;    0,000
 580,96; 1923,500;63167,301;    0,000
 581,23; 1794,500;63127,602;    0,000
 581,51; 1908,000;63167,301;    0,000
 581,78; 1791,000;63127,602;    0,000
 582,05; 1943,000;63167,301;    0,000
 582,32; 1705,000;63127,602;    0,000
 582,59; 1680,500;63167,301;    0,000
 582,86; 1702,000;63127,602;    0,000
 583,13; 1691,000;63167,301;    0,000
 583,40; 1613,500;63127,602;    0,000
 583,67; 1583,000;63167,301;    0,000
 583,94; 1596,500;63127,602;    0,000
 584,21; 1583,500;63167,301;    0,000
 584,48; 1477,500;63127,602;    0,000
 584,75; 1507,000;63167,301;    0,000
 585,03; 1494,500;63127,602;    0,000
 585,30; 1437,500;63167,301;    0,000
 585,57; 1453,500;63127,602;    0,000
 585,84; 1490,000;63167,301;    0,000
 586,11; 1274,500;63127,602;    0,000
 586,38; 1334,500;63167,301;    0,000
 586,65; 1480,000;63127,602;    0,000
 586,92; 1223,000;63167,301;    0,000
 587,19; 1489,000;63127,602;    0,000
 587,46; 1377,500;63167,301;    0,000
 587,73; 1204,000;63127,602;    0,000
 588,00; 1433,500;63167,301;    0,000
 588,27; 1171,500;63123,898;    0,000
 588,54; 1134,500;62757,000;    0,000
 588,81; 1295,500;62646,699;    0,000
 589,08; 1110,000;61756,301;    0,000
 589,35; 1200,500;60706,602;    0,000
 589,62; 1263,000;60385,898;    0,000
 589,89; 1157,000;59329,000;    0,000
 590,16; 1176,000;58022,699;    0,000
 590,43; 1224,000;57529,898;    0,000
 590,70; 1325,500;57330,301;    0,000
 590,97; 1143,500;55502,500;    0,000
 591,24; 1127,000;54541,398;    0,000
 591,51; 1173,000;53414,602;    0,000
 591,78; 1025,500;52291,801;    0,000
 592,05;  952,500;51138,301;    0,000
 592,32; 1273,000;52011,301;    0,000
 592,59; 1108,500;49937,301;    0,000
 592,86; 1099,500;49275,000;    0,000
 593,13;  965,000;47284,398;    0,000
 593,40;  972,500;46529,398;    0,000
 593,67; 1126,500;46957,898;    0,000
 593,94;  887,500;44459,500;    0,000
 594,21; 1018,500;45089,301;    0,000
 594,48; 1143,500;44295,699;    0,000
 594,75; 1004,500;42664,699;    0,000
 595,02;  973,500;41676,102;    0,000
 595,29; 1040,500;41435,801;    0,000
 595,56;  872,500;40149,000;    0,000
 595,83;  931,500;39124,801;    0,000
 596,10; 1061,500;38819,500;    0,000
 596,37;  805,500;37373,500;    0,000
 596,63; 1229,500;38644,301;    0,000
 596,90;  990,000;36625,699;    0,000
 597,17;  953,000;35810,898;    0,000
 597,44;  976,000;35013,602;    0,000
 597,71;  927,000;34583,301;    0,000
 597,98;  964,000;33900,801;    0,000
 598,25;  961,000;32601,100;    0,000
 598,52;  932,500;32634,199;    0,000
 598,79; 1047,000;31850,900;    0,000
 599,06;  847,500;30042,801;    0,000
 599,33;  887,000;29655,900;    0,000
 599,60;  957,500;29462,199;    0,000
 599,87;  937,500;28816,699;    0,000
 600,13;  887,500;28292,199;    0,000
 600,40; 1069,000;28527,199;    0,000
 600,67;  903,500;27125,301;    0,000
 600,94;  913,000;26166,400;    0,000
 601,21;  925,500;25900,600;    0,000
 601,48; 1114,000;26134,699;    0,000
 601,75;  842,500;25100,600;    0,000
 602,02;  926,000;24694,100;    0,000
 602,29;  865,500;23532,801;    0,000
 602,56;  909,000;23479,301;    0,000
 602,82;  767,000;22236,699;    0,000
 603,09;  895,500;22145,801;    0,000
 603,36;  919,000;21423,000;    0,000
 603,63;  892,000;21260,000;    0,000
 603,90;  826,500;19984,199;    0,000
 604,17;  916,000;20095,100;    0,000
 604,44;  920,000;19762,600;    0,000
 604,70;  830,000;18981,699;    0,000
 604,97;  817,000;18932,000;    0,000
 605,24; 1011,500;18677,900;    0,000
 605,51;  880,000;18311,801;    0,000
 605,78; 1060,000;18562,301;    0,000
 606,05;  874,000;16589,000;    0,000
 606,32; 1022,500;16978,400;    0,000
 606,58;  976,500;16046,900;    0,000
 606,85; 1429,500;17064,801;    0,000
 607,12;  859,000;15044,100;    0,000
 607,39; 1141,500;15889,400;    0,000
 607,66;  977,000;15000,700;    0,000
 607,93; 1016,500;14625,900;    0,000
 608,19;  997,000;14486,400;    0,000
 608,46; 1162,500;14527,300;    0,000
 608,73; 1041,500;13276,500;    0,000
 609,00; 1105,000;13381,400;    0,000
 609,27; 1144,500;13447,600;    0,000
 609,53; 1063,000;12830,500;    0,000
 609,80; 1086,500;12588,100;    0,000
 610,07; 1089,000;12418,500;    0,000
 610,34; 1041,500;11442,500;    0,000
 610,61;  961,500;10761,700;    0,000
 610,88;  988,500;10905,800;    0,000
 611,14; 1240,500;12050,300;    0,000
 611,41; 1124,500;10563,000;    0,000
 611,68; 1082,000;10329,500;    0,000
 611,95; 1075,000;10658,600;    0,000
 612,21; 1187,500;10494,400;    0,000
 612,48; 1107,000; 9806,100;    0,000
 612,75; 1102,500; 9908,800;    0,000
 613,02; 1161,000; 9677,000;    0,000
 613,29; 1007,000; 8462,100;    0,000
 613,55; 1018,000; 8708,400;    0,000
 613,82; 1130,500; 9413,800;    0,000
 614,09;  952,000; 8267,700;    0,000
 614,36; 1244,500; 8924,400;    0,000
 614,62; 1082,500; 8302,100;    0,000
 614,89; 1156,000; 8423,400;    0,000
 615,16; 1053,500; 8004,000;    0,000
 615,43;  991,500; 7240,000;    0,000
 615,69;  987,000; 7084,400;    0,000
 615,96; 1087,500; 7020,300;    0,000
 616,23;  906,000; 6564,700;    0,000
 616,50; 1056,000; 6879,800;    0,000
 616,76;  965,000; 6440,800;    0,000
 617,03;  939,000; 6116,400;    0,000
 617,30;  962,500; 5726,400;    0,000
 617,57; 1036,500; 5878,900;    0,000
 617,83;  855,000; 5707,400;    0,000
 618,10;  942,000; 6388,800;    0,000
 618,37;  896,500; 5423,300;    0,000
 618,63;  946,500; 5643,000;    0,000
 618,90;  886,000; 4728,900;    0,000
 619,17; 1003,000; 5577,200;    0,000
 619,44;  944,000; 6092,700;    0,000
 619,70; 1050,500; 5775,200;    0,000
 619,97;  877,500; 4122,700;    0,000
 620,24;  819,500; 4276,800;    0,000
 620,50;  807,500; 4511,200;    0,000
 620,77;  946,000; 4553,500;    0,000
 621,04;  903,500; 3902,100;    0,000
 621,30;  916,000; 4366,300;    0,000
 621,57;  759,500; 3960,900;    0,000
 621,84;  838,000; 3931,100;    0,000
 622,11;  731,000; 3530,400;    0,000
 622,37;  867,000; 4384,200;    0,000
 622,64;  808,000; 3697,600;    0,000
 622,91;  853,000; 3401,300;    0,000
 623,17;  920,000; 3497,900;    0,000
 623,44;  778,500; 3649,300;    0,000
 623,71;  702,500; 2682,100;    0,000
 623,97;  758,500; 2807,200;    0,000
 624,24;  666,500; 2650,700;    0,000
 624,51;  816,500; 2624,400;    0,000
 624,77;  760,500; 2867,200;    0,000
 625,04;  793,500; 2618,700;    0,000
 625,30;  730,000; 2312,600;    0,000
 625,57; 1009,500; 3687,900;    0,000
 625,84;  950,000; 3669,800;    0,000
 626,10;  840,500; 2755,900;    0,000
 626,37;  888,500; 2982,500;    0,000
 626,64;  730,500; 2315,800;    0,000
 626,90;  764,500; 2315,000;    0,000
 627,17;  707,500; 1813,900;    0,000
 627,44;  772,000; 2269,100;    0,000
 627,70;  877,500; 3282,200;    0,000
 627,97;  790,500; 2355,400;    0,000
 628,23;  703,500; 1814,100;    0,000
 628,50;  624,500; 1362,200;    0,000
 628,77;  775,000; 2059,300;    0,000
 629,03;  645,500; 1846,000;    0,000
 629,30;  773,500; 2142,100;    0,000
 629,56;  604,000; 1449,300;    0,000
 629,83;  705,500; 1588,900;    0,000
 630,10;  703,500; 1784,500;    0,000
 630,36;  756,000; 1500,900;    0,000
 630,63;  966,500; 2858,900;    0,000
 630,89;  709,000; 1273,800;    0,000
 631,16;  674,000; 1363,900;    0,000
 631,43; 1005,000; 2752,300;    0,000
 631,69;  681,000; 1310,400;    0,000
 631,96;  657,500; 1826,100;    0,000
 632,22;  619,500; 1400,300;    0,000
 632,49;  581,500;  789,600;    0,000
 632,75;  710,500; 1153,400;    0,000
 633,02;  695,000; 1418,200;    0,000
 633,29;  848,000; 1872,200;    0,000
 633,55;  865,000; 1618,000;    0,000
 633,82;  669,500; 1593,800;    0,000
 634,08;  736,500; 1572,200;    0,000
 634,35;  803,500; 1598,100;    0,000
 634,61;  456,500;  366,500;    0,000
 634,88;  521,500;  452,400;    0,000
 635,14;  745,000; 1404,300;    0,000
 635,41;  734,500; 1348,300;    0,000
 635,68;  665,000; 1622,700;    0,000
 635,94;  720,500; 1521,100;    0,000
 636,21;  797,000; 1536,400;    0,000
 636,47;  694,500; 1242,700;    0,000
 636,74;  775,500; 1809,300;    0,000
 637,00;  698,500;  916,100;    0,000
 637,27;  663,500; 1011,000;    0,000
 637,53;  502,500;  162,300;    0,000
 637,80;  634,500;  577,000;    0,000
 638,06;  928,000; 2100,700;    0,000
 638,33;  689,500;  944,000;    0,000
 638,59;  768,500;  611,600;    0,000
 638,86;  612,500;  620,500;    0,000
 639,12;  683,000;  790,700;    0,000
 639,39;  761,500; 1356,200;    0,000
 639,65;  806,000; 1306,700;    0,000
 639,92;  777,500;  882,200;    0,000
 640,18;  574,000;   24,200;    0,000
 640,45;  936,000; 2494,900;    0,000
 640,71;  682,500;  177,300;    0,000
 640,98;  704,500;  663,800;    0,000
 641,24;  773,500;  818,700;    0,000
 641,51;  756,500;  449,500;    0,000
 641,77;  776,000;  843,900;    0,000
 642,04;  819,500; 1490,700;    0,000
 642,30;  728,000;  361,700;    0,000
 642,57;  768,000; 1033,000;    0,000
 642,83;  701,000;  195,200;    0,000
 643,10;  691,000;  452,900;    0,000
 643,36;  564,500; -105,900;    0,000
 643,62;  862,000; 1451,100;    0,000
 643,89;  735,000;  281,400;    0,000
 644,15;  912,000; 1563,700;    0,000
 644,42;  740,500;  730,700;    0,000
 644,68;  843,500;  777,800;    0,000
 644,95; 1038,000; 2010,400;    0,000
 645,21;  917,000; 1203,000;    0,000
 645,48;  946,000;  971,500;    0,000
 645,74;  763,500;  182,500;    0,000
 646,00;  759,000;  584,700;    0,000
 646,27;  842,000;  490,600;    0,000
 646,53;  747,500; -233,400;    0,000
 646,80;  783,500; -234,200;    0,000
 647,06;  889,000;  617,100;    0,000
 647,32; 1050,000; 1067,000;    0,000
 647,59;  796,000;  -25,200;    0,000
 647,85;  808,000; -225,400;    0,000
 648,12;  926,000;  318,900;    0,000
 648,38; 1091,000; 1019,500;    0,000
 648,65;  964,000;  630,600;    0,000
 648,91; 1006,000;  263,400;    0,000
 649,17;  919,000;  227,800;    0,000
 649,44;  875,000;   55,100;    0,000
 649,70;  920,500;    1,400;    0,000
 649,96; 1244,500; 1414,000;    0,000
 650,23;  932,000; -316,100;    0,000
 650,49;  971,500;  148,600;    0,000
 650,76; 1039,500;  -36,800;    0,000
 651,02; 1055,500;  370,100;    0,000
 651,28; 1041,000;  277,000;    0,000
 651,55; 1022,500;  -44,500;    0,000
 651,81; 1136,500;  389,800;    0,000
 652,07; 1098,000;  923,500;    0,000
 652,34; 1047,500;  292,400;    0,000
 652,60; 1083,500;  -93,500;    0,000
 652,87; 1185,500;  809,400;    0,000
 653,13; 1137,500; -273,400;    0,000
 653,39; 1177,000;  105,100;    0,000
 653,66; 1095,000; -372,900;    0,000
 653,92; 1067,500;  -24,400;    0,000
 654,18; 1178,000;  -79,900;    0,000
 654,45; 1216,500;  325,100;    0,000
 654,71; 1139,000; -670,300;    0,000
 654,97; 1195,500; -495,800;    0,000
 655,24; 1287,000;   84,300;    0,000
 655,50; 1158,000; -164,900;    0,000
 655,76; 1308,500;   56,000;    0,000
 656,03; 1323,500;   98,300;    0,000
 656,29; 1283,000; -128,800;    0,000
 656,55; 1239,500; -520,900;    0,000
 656,81; 1390,500;  476,400;    0,000
 657,08; 1394,000;  487,500;    0,000
 657,34; 1320,000; -457,300;    0,000
 657,60; 1341,500; -272,800;    0,000
 657,87; 1376,000;  230,500;    0,000
 658,13; 1482,500;  394,400;    0,000
 658,39; 1413,000; -260,100;    0,000
 658,66; 1396,000; -514,000;    0,000
 658,92; 1414,000; -241,800;    0,000
 659,18; 1284,000; -439,900;    0,000
 659,44; 1562,500;  547,700;    0,000
 659,71; 1506,500; -453,100;    0,000
 659,97; 1609,000;  702,000;    0,000
 660,23; 1502,000; -207,900;    0,000
 660,50; 1595,500; -107,500;    0,000
 660,76; 1518,000; -327,200;    0,000
 661,02; 1516,500;  120,200;    0,000
 661,28; 1681,500;  255,100;    0,000
 661,55; 1663,000;  192,200;    0,000
 661,81; 1443,000; -734,700;    0,000
 662,07; 1721,000; -231,900;    0,000
 662,33; 1571,500; -462,800;    0,000
 662,60; 1638,000; -711,100;    0,000
 662,86; 1930,500;  607,200;    0,000
 663,12; 1834,500;  526,200;    0,000
 663,38; 1790,500; -208,300;    0,000
 663,65; 1933,000;  505,400;    0,000
 663,91; 1988,000;  470,000;    0,000
 664,17; 1706,500;   -6,500;    0,000
 664,43; 1867,500; -109,000;    0,000
 664,69; 1737,500; -642,400;    0,000
 664,96; 1799,500;  308,900;    0,000
 665,22; 1923,500; -163,300;    0,000
 665,48; 1906,000;  -62,400;    0,000
 665,74; 1941,000;  314,700;    0,000
 666,01; 1934,000;  586,100;    0,000
 666,27; 1840,000; -604,200;    0,000
 666,53; 2030,500;   27,300;    0,000
 666,79; 2067,500;  -96,700;    0,000
 667,05; 1887,500; -569,700;    0,000
 667,32; 1932,000; -424,200;    0,000
 667,58; 2073,000;  241,200;    0,000
 667,84; 2009,500;  -73,800;    0,000
 668,10; 1983,000; -523,500;    0,000
 668,36; 2304,000; 1288,600;    0,000
 668,63; 2281,000;  -92,400;    0,000
 668,89; 2162,000; -321,200;    0,000
 669,15; 2055,000; -703,900;    0,000
 669,41; 2420,500; 1249,600;    0,000
 669,67; 2254,000; -242,900;    0,000
 669,93; 2264,000;  433,200;    0,000
 670,20; 2293,000;  -31,500;    0,000
 670,46; 2312,500;  -56,000;    0,000
 670,72; 2249,500;  265,900;    0,000
 670,98; 2492,000;  916,500;    0,000
 671,24; 2505,000;  257,300;    0,000
 671,50; 2457,500;  816,800;    0,000
 671,76; 2329,000;  215,300;    0,000
 672,03; 2586,000;  767,800;    0,000
 672,29; 2435,000;  -57,700;    0,000
 672,55; 2254,500; -807,200;    0,000
 672,81; 2412,000; -316,400;    0,000
 673,07; 2423,500; -195,700;    0,000
 673,33; 2522,000; -264,200;    0,000
 673,59; 2601,000;  346,900;    0,000
 673,86; 2574,500; -303,000;    0,000
 674,12; 2637,000;  525,400;    0,000
 674,38; 2480,000;  -86,500;    0,000
 674,64; 2832,000;  602,100;    0,000
 674,90; 2626,500; -444,000;    0,000
 675,16; 2754,500;  319,400;    0,000
 675,42; 2829,500;  488,200;    0,000
 675,68; 2808,000;  308,100;    0,000
 675,94; 2795,000;  185,200;    0,000
 676,21; 2991,500; -502,900;    0,000
 676,47; 2908,000;  168,800;    0,000
 676,73; 2790,000; -733,400;    0,000
 676,99; 2965,000;  105,800;    0,000
 677,25; 3081,000;  787,300;    0,000
 677,51; 2862,500; -294,500;    0,000
 677,77; 3086,000;  284,500;    0,000
 678,03; 3170,000; 1015,600;    0,000
 678,29; 2796,500; -614,500;    0,000
 678,55; 3061,500;    7,500;    0,000
 678,81; 3141,500; -424,000;    0,000
 679,07; 3216,000;  512,100;    0,000
 679,33; 3120,000; -160,500;    0,000
 679,59; 3406,500;  589,800;    0,000
 679,86; 3062,000; -335,200;    0,000
 680,12; 3084,500; -919,100;    0,000
 680,38; 3297,500;  -81,900;    0,000
 680,64; 3423,000;  408,500;    0,000
 680,90; 3555,500;  367,100;    0,000
 681,16; 3288,000; -230,000;    0,000
 681,42; 3462,500;   40,100;    0,000
 681,68; 3363,000;   38,300;    0,000
 681,94; 3350,000; -359,900;    0,000
 682,20; 3455,500; -758,800;    0,000
 682,46; 3447,000; -710,400;    0,000
 682,72; 3470,000; -471,600;    0,000
 682,98; 3400,000; -429,300;    0,000
 683,24; 3645,000;  297,200;    0,000
 683,50; 3672,000;  245,100;    0,000
 683,76; 3588,500;  -50,400;    0,000
 684,02; 3829,000;  178,800;    0,000
 684,28; 3610,000; -889,300;    0,000
 684,54; 3616,500; -553,600;    0,000
 684,80; 3590,000; -825,100;    0,000
 685,06; 3711,500; -751,000;    0,000
 685,32; 3801,500; -192,300;    0,000
 685,58; 3706,000; -627,700;    0,000
 685,84; 3789,000; -589,500;    0,000
 686,10; 4108,000;  560,700;    0,000
 686,36; 3955,500; -205,800;    0,000
 686,62; 4061,000; -364,600;    0,000
 686,88; 4107,000; -283,800;    0,000
 687,14; 3948,500; -668,400;    0,000
 687,40; 4132,000; -233,100;    0,000
 687,66; 4189,000;  -85,500;    0,000
 687,92; 4297,500; -397,800;    0,000
 688,18; 4274,000; -171,300;    0,000
 688,44; 4293,500;  -82,000;    0,000
 688,70; 4320,500;  102,700;    0,000
 688,96; 4229,500; -121,100;    0,000
 689,22; 4241,000; -196,900;    0,000
 689,48; 4495,000; -197,800;    0,000
 689,73; 4485,000; -407,000;    0,000
 689,99; 4409,500;  -88,900;    0,000
 690,25; 4560,000; -167,600;    0,000
 690,51; 4658,500;  119,600;    0,000
 690,77; 4628,500; -456,900;    0,000
 691,03; 4733,500;  -16,200;    0,000
 691,29; 4963,000; -472,200;    0,000
 691,55; 4900,000; -478,000;    0,000
 691,81; 5048,500; -108,200;    0,000
 692,07; 4934,000; -459,800;    0,000
 692,33; 5313,000;  259,300;    0,000
 692,59; 5297,500;  223,000;    0,000
 692,85; 5488,000;  367,600;    0,000
 693,10; 5387,500; -166,000;    0,000
 693,36; 5450,000;  399,500;    0,000
 693,62; 5646,500;  -52,300;    0,000
 693,88; 5580,000;  175,000;    0,000
 694,14; 5719,000; -148,000;    0,000
 694,40; 5612,000;  -75,700;    0,000
 694,66; 5567,000; -748,700;    0,000
 694,92; 5579,500; -613,100;    0,000
 695,18; 5739,000; -331,800;    0,000
 695,43; 5852,500; -353,100;    0,000
 695,69; 6177,000;  284,500;    0,000
 695,95; 5944,000; -321,000;    0,000
 696,21; 6174,000; -595,700;    0,000
 696,47; 6229,000;  447,000;    0,000
 696,73; 5983,000;  427,500;    0,000
 696,99; 6182,500;  304,200;    0,000
 697,25; 6424,000;  476,800;    0,000
 697,50; 6296,000; -312,600;    0,000
 697,76; 6276,500; -160,700;    0,000
 698,02; 6018,000; -233,900;    0,000
 698,28; 6264,500;  -45,700;    0,000
 698,54; 6539,000;  324,600;    0,000
 698,80; 6366,000; -179,000;    0,000
 699,05; 6442,500; -525,300;    0,000
 699,31; 6447,000; -295,400;    0,000
 699,57; 6334,500; -419,200;    0,000
 699,83; 6704,500; -322,000;    0,000
 700,09; 6734,500;  799,400;    0,000
 700,35; 6669,500; 1292,000;    0,000
 700,60; 6707,500; -700,300;    0,000
 700,86; 7003,500;  383,400;    0,000
 701,12; 6950,500; -134,800;    0,000
 701,38; 7260,000;  808,300;    0,000
 701,64; 7605,000;  572,400;    0,000
 701,89; 7132,000; -531,100;    0,000
 702,15; 7719,000;  271,300;    0,000
 702,41; 7367,500; -322,200;    0,000
 702,67; 7531,500; -582,900;    0,000
 702,93; 7608,500; -275,700;    0,000
 703,18; 7645,000; -271,300;    0,000
 703,44; 7841,500; 1031,600;    0,000
 703,70; 7623,000; -115,300;    0,000
 703,96; 7807,000; -168,400;    0,000
 704,22; 8246,500; 1679,300;    0,000
 704,47; 7920,500;  220,400;    0,000
 704,73; 8209,000;  335,400;    0,000
 704,99; 8117,500;  202,300;    0,000
 705,25; 8035,500; -181,000;    0,000
 705,50; 7941,500;  -64,200;    0,000
 705,76; 8234,500;   59,400;    0,000
 706,02; 8386,500; -280,900;    0,000
 706,28; 8502,000;  729,900;    0,000
 706,53; 8321,500; -404,500;    0,000
 706,79; 8304,000; -355,400;    0,000
 707,05; 8747,000;  600,100;    0,000
 707,31; 8624,500; -237,800;    0,000
 707,56; 8466,000; 1367,600;    0,000
 707,82; 8375,000; -338,600;    0,000
 708,08; 8363,000;  478,100;    0,000
 708,34; 8336,500; -343,400;    0,000
 708,59; 8268,000; -264,900;    0,000
 708,85; 8586,500;  376,500;    0,000
 709,11; 8581,500; -668,400;    0,000
 709,36; 8457,500;  550,200;    0,000
 709,62; 8527,500; -394,200;    0,000
 709,88; 8652,000;  286,900;    0,000
 710,14; 8567,000; -127,400;    0,000
 710,39; 8455,000;  375,200;    0,000
 710,65; 8670,500; -266,900;    0,000
 710,91; 8647,000; -264,600;    0,000
 711,16; 8723,000;  294,100;    0,000
 711,42; 8471,000; -517,700;    0,000
 711,68; 8459,500;   93,600;    0,000
 711,93; 8377,500; -435,500;    0,000
 712,19; 8549,500;  882,200;    0,000
 712,45; 8260,500;  450,100;    0,000
 712,70; 8454,500;   -1,500;    0,000
 712,96; 8197,000;  377,900;    0,000
 713,22; 8008,500; -387,700;    0,000
 713,47; 7919,000; -414,700;    0,000
 713,73; 7905,000; -831,400;    0,000
 713,99; 7843,500; -726,400;    0,000
 714,24; 8108,500; 1586,200;    0,000
 714,50; 7824,500; -761,600;    0,000
 714,76; 7768,500; -539,500;    0,000
 715,01; 7728,500; -484,700;    0,000
 715,27; 7723,500; -269,600;    0,000
 715,53; 7983,500; -217,100;    0,000
 715,78; 7884,000; -200,500;    0,000
 716,04; 7480,500; -163,000;    0,000
 716,30; 7593,000;  284,300;    0,000
 716,55; 7564,000; -373,600;    0,000
 716,81; 7495,500;   93,800;    0,000
 717,07; 7594,500;  162,000;    0,000
 717,32; 7506,000; -334,100;    0,000
 717,58; 7615,500;  141,800;    0,000
 717,83; 7664,000;  504,000;    0,000
 718,09; 7551,000;  199,900;    0,000
 718,35; 7535,500; -444,300;    0,000
 718,60; 7698,500;  107,100;    0,000
 718,86; 7426,500;  703,500;    0,000
 719,11; 7285,500; -297,000;    0,000
 719,37; 7187,500; -337,800;    0,000
 719,63; 7403,000;  267,700;    0,000
 719,88; 7464,000;  768,200;    0,000
 720,14; 7098,500; -497,400;    0,000
 720,39; 7165,500; -377,000;    0,000
 720,65; 6946,000; -668,700;    0,000
 720,91; 7151,500;   72,500;    0,000
 721,16; 7339,000;  609,600;    0,000
 721,42; 7334,000;  105,300;    0,000
 721,67; 7159,000;  610,400;    0,000
 721,93; 7088,000; -563,300;    0,000
 722,18; 7242,000;  457,300;    0,000
 722,44; 7035,500;  292,900;    0,000
 722,69; 7482,500;  816,900;    0,000
 722,95; 6950,500;    2,800;    0,000
 723,21; 7090,000;  217,000;    0,000
 723,46; 7104,000;  575,700;    0,000
 723,72; 6997,000; -267,600;    0,000
 723,97; 7080,500;   83,800;    0,000
 724,23; 7417,500;  594,900;    0,000
 724,48; 7399,000;  769,700;    0,000
 724,74; 7466,000; -130,300;    0,000
 724,99; 7125,500; -553,600;    0,000
 725,25; 7347,500; -120,400;    0,000
 725,50; 7359,000;   26,500;    0,000
 725,76; 7153,000;  894,600;    0,000
 726,01; 7232,000; -304,800;    0,000
 726,27; 7225,000;  -70,700;    0,000
 726,52; 7219,500; -375,800;    0,000
 726,78; 7428,500; -108,200;    0,000
 727,04; 7456,500; -211,900;    0,000
 727,29; 7202,500; -127,100;    0,000
 727,55; 7318,500; -227,600;    0,000
 727,80; 7474,000;    2,000;    0,000
 728,05; 7333,000; -720,800;    0,000
 728,31; 7277,500; -114,800;    0,000
 728,56; 7359,000; -892,800;    0,000
 728,82; 7353,500; -390,300;    0,000
 729,07; 7276,000;   32,700;    0,000
 729,33; 7377,500; -261,000;    0,000
 729,58; 7213,000; -510,700;    0,000
 729,84; 7058,500;   35,800;    0,000
 730,09; 7092,500;  632,400;    0,000
 730,35; 7216,500;  -85,700;    0,000
 730,60; 7061,500; -891,800;    0,000
 730,86; 6953,500;  -45,500;    0,000
 731,11; 6750,500; -872,100;    0,000
 731,37; 6774,500; -323,400;    0,000
 731,62; 6983,000; -303,500;    0,000
 731,88; 7005,000; -471,600;    0,000
 732,13; 7021,000;  142,700;    0,000
 732,38; 7729,500;  591,600;    0,000
 732,64; 7819,000;  357,500;    0,000
 732,89; 8377,000; 1607,500;    0,000
 733,15; 8074,500; -327,100;    0,000
 733,40; 8360,500; -366,100;    0,000
 733,66; 8653,000;  -92,600;    0,000
 733,91; 8532,000;  293,600;    0,000
 734,16; 8360,500; -550,100;    0,000
 734,42; 8767,500;  -96,300;    0,000
 734,67; 8809,000;   98,000;    0,000
 734,93; 8757,500; -443,800;    0,000
 735,18;10204,000; -375,300;    0,000
 735,43; 8463,500; -456,100;    0,000
 735,69; 8749,500; -343,500;    0,000
 735,94; 9060,500;  514,000;    0,000
 736,20; 8488,500; -323,500;    0,000
 736,45; 8678,000;   81,700;    0,000
 736,70; 8726,500; -432,500;    0,000
 736,96; 8743,000; -328,600;    0,000
 737,21; 8566,000; -271,100;    0,000
 737,47; 8563,500;  139,700;    0,000
 737,72; 8525,000; -654,800;    0,000
 737,97; 8585,500;  -24,100;    0,000
 738,23; 8740,500; -242,600;    0,000
 738,48; 8707,000;  363,600;    0,000
 738,73; 8232,500; -938,400;    0,000
 738,99; 8722,500;  311,000;    0,000
 739,24; 8549,500; -154,800;    0,000
 739,49; 8357,500; -370,300;    0,000
 739,75; 8398,500; -106,300;    0,000
 740,00; 8351,500;  -48,100;    0,000
 740,26; 8524,500;  171,100;    0,000
 740,51; 8237,000;  183,100;    0,000
 740,76; 8087,000; -554,500;    0,000
 741,02; 7987,500;  532,500;    0,000
 741,27; 8188,500;  301,400;    0,000
 741,52; 7971,500;  197,700;    0,000
 741,78; 7543,500; -645,100;    0,000
 742,03; 7862,500;   27,000;    0,000
 742,28; 7736,500;  208,600;    0,000
 742,53; 7598,500; -190,300;    0,000
 742,79; 7451,500; -891,700;    0,000
 743,04; 7419,000; -678,600;    0,000
 743,29; 6983,500;  -89,700;    0,000
 743,55; 7092,500; -197,200;    0,000
 743,80; 6709,500; -613,800;    0,000
 744,05; 6969,000;  587,200;    0,000
 744,31; 6999,500; 1169,800;    0,000
 744,56; 6909,000;  -80,400;    0,000
 744,81; 7297,000; -163,300;    0,000
 745,06; 7182,000;  322,900;    0,000
 745,32; 7435,500;  449,800;    0,000
 745,57; 7608,000; -831,700;    0,000
 745,82; 8040,500; -118,900;    0,000
 746,08; 8443,500;  -32,800;    0,000
 746,33; 8958,000;  285,300;    0,000
 746,58; 9069,000; -628,800;    0,000
 746,83; 9390,000;   34,200;    0,000
 747,09; 9617,500; -211,400;    0,000
 747,34; 9732,500; -491,300;    0,000
 747,59; 9863,000; -418,200;    0,000
 747,84;10331,500;    4,400;    0,000
 748,10;10460,000; -128,200;    0,000
 748,35;10682,500;  736,000;    0,000
 748,60;10619,500; -744,000;    0,000
 748,85;10750,500;  411,900;    0,000
 749,11;10857,000; -372,500;    0,000
 749,36;11118,000;  395,700;    0,000
 749,61;10773,500; -775,300;    0,000
 749,86;10805,500; -290,500;    0,000
 750,12;11005,500; -580,400;    0,000
 750,37;11105,500; -340,000;    0,000
 750,62;11176,500;  -53,300;    0,000
 750,87;11119,000;  100,900;    0,000
 751,12;11024,000; -121,600;    0,000
 751,38;11235,000;  791,500;    0,000
 751,63;10796,000; -439,600;    0,000
 751,88;10819,500; -283,500;    0,000
 752,13;10798,500; -475,700;    0,000
 752,38;10825,000;   -0,100;    0,000
 752,64;10844,500;  422,500;    0,000
 752,89;10960,000;  273,600;    0,000
 753,14;10558,000;  402,400;    0,000
 753,39;10498,500;  778,700;    0,000
 753,64;10105,500;  116,900;    0,000
 753,89;10227,000;  186,700;    0,000
 754,15;10064,000; -936,600;    0,000
 754,40; 9388,000;  -89,400;    0,000
 754,65; 9332,500; -654,700;    0,000
 754,90; 9225,000;  463,800;    0,000
 755,15; 9178,000; 1202,800;    0,000
 755,40; 8623,000;  127,700;    0,000
 755,66; 8412,500; -191,300;    0,000
 755,91; 8111,500;  -16,600;    0,000
 756,16; 8162,000;  852,000;    0,000
 756,41; 7494,000; -317,600;    0,000
 756,66; 7035,500; -541,000;    0,000
 756,91; 6557,000; -237,700;    0,000
 757,16; 6558,000; 1452,300;    0,000
 757,42; 6506,000; -614,000;    0,000
 757,67; 6920,500; -384,200;    0,000
 757,92; 7448,500; -215,600;    0,000
 758,17; 7887,000;  -41,600;    0,000
 758,42; 7524,000; -303,600;    0,000
 758,67; 7860,000; -131,700;    0,000
 758,92; 8096,500; -278,500;    0,000
 759,17; 8764,500;  314,900;    0,000
 759,43; 8661,500; -795,400;    0,000
 759,68; 9110,500;  -87,500;    0,000
 759,93; 9141,000; -395,200;    0,000
 760,18; 9638,500;  162,000;    0,000
 760,43; 9571,500; -677,300;    0,000
 760,68;10076,000;  131,800;    0,000
 760,93;10129,000;  121,900;    0,000
 761,18;10234,500;  504,900;    0,000
 761,43;10190,000;   60,700;    0,000
 761,68;10398,000;  322,500;    0,000
 761,93;10320,000; -653,200;    0,000
 762,19;10468,000; -711,000;    0,000
 762,44;10401,500; -349,600;    0,000
 762,69;10704,000; -718,700;    0,000
 762,94;10613,000; -124,300;    0,000
 763,19;10388,500;  211,900;    0,000
 763,44;10705,000;  -11,200;    0,000
 763,69;10752,000; -201,200;    0,000
 763,94;10694,000;  729,100;    0,000
 764,19;10414,500;   55,500;    0,000
 764,44;10172,000; -335,600;    0,000
 764,69;10549,500;  323,100;    0,000
 764,94;10237,000; -104,600;    0,000
 765,19;10062,000; -695,200;    0,000
 765,44; 9971,000;  -45,800;    0,000
 765,69; 9883,000; -250,800;    0,000
 765,94; 9953,500;  494,700;    0,000
 766,19; 9928,000;  387,800;    0,000
 766,44;10135,000;  397,200;    0,000
 766,69;10122,000; -189,600;    0,000
 766,94;10087,500; -672,200;    0,000
 767,19;10423,000; -369,000;    0,000
 767,44;10058,000; -319,800;    0,000
 767,69; 9873,000; -412,300;    0,000
 767,94; 9991,000;  523,200;    0,000
 768,19; 9426,000;   29,100;    0,000
 768,44; 9374,500; -189,200;    0,000
 768,69; 8903,000; -254,300;    0,000
 768,94; 8902,500;  176,800;    0,000
 769,19; 8546,000; -620,100;    0,000
 769,44; 8130,000; -101,100;    0,000
 769,69; 7894,500;  701,900;    0,000
 769,94; 7199,500;  408,700;    0,000
 770,19; 6638,500; -304,400;    0,000
 770,44; 5811,000;   72,400;    0,000
 770,69; 5199,000; -335,400;    0,000
 770,94; 4758,000; -527,200;    0,000
 771,19; 4834,000; -558,000;    0,000
 771,44; 4777,000;  -23,200;    0,000
 771,69; 4813,000; -424,800;    0,000
 771,94; 4572,500; -821,700;    0,000
 772,19; 4652,500; -582,700;    0,000
 772,44; 4492,000; -694,100;    0,000
 772,69; 4880,000; -379,600;    0,000
 772,94; 4583,500; -105,500;    0,000
 773,18; 4649,500;  147,300;    0,000
 773,43; 4522,500; -203,300;    0,000
 773,68; 4575,000;  225,100;    0,000
 773,93; 4670,000;  237,200;    0,000
 774,18; 4550,000;  164,700;    0,000
 774,43; 4528,000; -498,200;    0,000
 774,68; 4385,500; -386,500;    0,000
 774,93; 4514,500; 1068,900;    0,000
 775,18; 4458,000;  396,900;    0,000
 775,43; 4340,000; -148,300;    0,000
 775,68; 4289,500;  549,500;    0,000
 775,93; 4061,000; -310,000;    0,000
 776,17; 3916,500; -570,100;    0,000
 776,42; 3830,000; -246,300;    0,000
 776,67; 3627,000; -140,800;    0,000
 776,92; 3606,500; -143,900;    0,000
 777,17; 3655,000;  283,600;    0,000
 777,42; 3309,000; -661,600;    0,000
 777,67; 3160,500; -512,500;    0,000
 777,92; 2984,500; -459,400;    0,000
 778,16; 3191,500; 1283,900;    0,000
 778,41; 2674,500; -645,300;    0,000
 778,66; 2686,500;  291,600;    0,000
 778,91; 2309,000; -427,000;    0,000
 779,16; 2024,500; -647,600;    0,000
 779,41; 1841,000; -604,600;    0,000
 779,66; 1674,500;  -78,200;    0,000
 779,90; 1481,500; -628,400;    0,000
 780,15; 1568,500;  164,700;    0,000
 780,40; 1446,000; -439,900;    0,000
 780,65; 1428,000; -350,100;    0,000
 780,90; 1379,000; -687,900;    0,000
 781,15; 1415,000;  -51,400;    0,000
 781,39; 1473,500; -132,600;    0,000
 781,64; 1413,500; -312,600;    0,000
 781,89; 1205,000; -787,900;    0,000
 782,14; 1438,000;   33,000;    0,000
 782,39; 1314,500; -348,500;    0,000
 782,63; 1439,000; -501,300;    0,000
 782,88; 1407,500;  169,100;    0,000
 783,13; 1396,000;   18,200;    0,000
 783,38; 1207,000; -739,700;    0,000
 783,63; 1283,500; -662,100;    0,000
 783,87; 1076,500;-1008,500;    0,000
 784,12; 1255,000; -196,400;    0,000
 784,37; 1160,000; -214,600;    0,000
 784,62; 1292,000; -447,700;    0,000
 784,87; 1321,000;  747,900;    0,000
 785,11; 1148,500; -182,600;    0,000
 785,36; 1165,500; -329,700;    0,000
 785,61; 1016,500; -486,900;    0,000
 785,86; 1060,000; -773,600;    0,000
 786,10; 1254,500;  439,700;    0,000
 786,35; 1083,000; -153,700;    0,000
 786,60; 1105,000; -796,300;    0,000
 786,85; 1048,000; -243,800;    0,000
 787,09; 1231,500;  334,300;    0,000
 787,34;  998,500; -444,800;    0,000
 787,59; 1127,500;  102,800;    0,000
 787,84; 1087,500; -231,200;    0,000
 788,08;  948,000; -514,200;    0,000
 788,33; 1103,000; -380,600;    0,000
 788,58; 1122,500; -670,700;    0,000
 788,83; 1358,500; -652,700;    0,000
 789,07; 1707,000; -108,800;    0,000
 789,32; 2009,000; 1855,400;    0,000
 789,57; 1864,000;  293,500;    0,000
 789,81; 1879,000; -495,000;    0,000
 790,06; 2016,500;   96,600;    0,000
 790,31; 2027,500; -550,200;    0,000
 790,56; 2159,500; -364,400;    0,000
 790,80; 2112,000; -145,300;    0,000
 791,05; 2368,500; -365,800;    0,000
 791,30; 2314,000; -810,700;    0,000
 791,54; 2548,000;    4,800;    0,000
 791,79; 2423,000; -155,900;    0,000
 792,04; 2535,000; -563,900;    0,000
 792,28; 2540,000; -462,600;    0,000
 792,53; 2541,500;  -51,000;    0,000
 792,78; 2846,000;  650,200;    0,000
 793,02; 2594,500; -143,000;    0,000
 793,27; 2673,500;   55,200;    0,000
 793,52; 2743,500; -136,000;    0,000
 793,76; 2502,000;    2,100;    0,000
 794,01; 2729,000;  139,900;    0,000
 794,26; 2725,000;  -84,200;    0,000
 794,50; 2962,000;  536,800;    0,000
 794,75; 2823,000;  -67,800;    0,000
 795,00; 3049,500; -153,000;    0,000
 795,24; 3077,500; -620,500;    0,000
 795,49; 3520,500; -322,000;    0,000
 795,74; 3573,000; -491,200;    0,000
 795,98; 4151,500;  536,800;    0,000
 796,23; 3950,000; -429,000;    0,000
 796,48; 4115,000; -282,800;    0,000
 796,72; 4213,000; -691,600;    0,000
 796,97; 4373,000;  217,100;    0,000
 797,21; 4603,000; -121,200;    0,000
 797,46; 4591,000; -415,600;    0,000
 797,71; 4692,500;   28,500;    0,000
 797,95; 4717,500; -279,100;    0,000
 798,20; 4884,500;  204,400;    0,000
 798,44; 4663,500; -373,200;    0,000
 798,69; 4787,500;  180,300;    0,000
 798,94; 4758,500; -331,000;    0,000
 799,18; 4702,000; -557,800;    0,000
 799,43; 4581,500;   36,300;    0,000
 799,67; 4648,000;   76,900;    0,000
 799,92; 4754,000;   66,300;    0,000
 800,16; 4283,500; -191,000;    0,000
 800,41; 4561,500;  216,800;    0,000
 800,66; 4123,000; -807,200;    0,000
 800,90; 4120,500;  -71,400;    0,000
 801,15; 4126,000;  -21,300;    0,000
 801,39; 4005,000;  355,900;    0,000
 801,64; 3778,000; -301,100;    0,000
 801,88; 3598,000; -437,600;    0,000
 802,13; 3300,000; -191,300;    0,000
 802,38; 3486,000; -574,100;    0,000
 802,62; 3247,500; -496,900;    0,000
 802,87; 3273,000; -479,200;    0,000
 803,11; 3253,000; -404,700;    0,000
 803,36; 3533,500; -402,500;    0,000
 803,60; 3851,000; -324,500;    0,000
 803,85; 3706,000;  576,700;    0,000
 804,09; 3911,500; -237,100;    0,000
 804,34; 3981,000; -368,200;    0,000
 804,58; 4139,000; -446,900;    0,000
 804,83; 4495,000; -316,400;    0,000
 805,07; 4802,000; -713,600;    0,000
 805,32; 5496,000;  292,300;    0,000
 805,56; 6027,500;  350,800;    0,000
 805,81; 6858,500; -294,700;    0,000
 806,05; 7051,500; -508,000;    0,000
 806,30; 7347,000;   50,400;    0,000
 806,54; 7829,000; -437,800;    0,000
 806,79; 8194,000;  285,900;    0,000
 807,03; 8292,000; -493,600;    0,000
 807,28; 8641,000; -184,500;    0,000
 807,52; 8641,500; -241,500;    0,000
 807,77; 8879,000;   93,200;    0,000
 808,01; 8743,000; -616,400;    0,000
 808,26; 8937,000; -182,900;    0,000
 808,50; 8745,500;  666,100;    0,000
 808,75; 8851,000;  -54,800;    0,000
 808,99; 9140,500;  309,400;    0,000
 809,23; 9037,000;  103,200;    0,000
 809,48; 8997,500; -245,100;    0,000
 809,72; 9416,000;  -56,900;    0,000
 809,97; 9324,500; -307,900;    0,000
 810,21; 9400,500; -316,500;    0,000
 810,46; 9474,500; -177,700;    0,000
 810,70; 9664,000;  331,600;    0,000
 810,95; 9533,000; -216,500;    0,000
 811,19; 9743,500;  789,300;    0,000
 811,43; 9548,000;  880,200;    0,000
 811,68; 9725,500;  -28,200;    0,000
 811,92; 9853,000;  520,600;    0,000
 812,17; 9358,500;  461,700;    0,000
 812,41; 9438,500; -711,500;    0,000
 812,65; 9552,000;  136,100;    0,000
 812,90; 9612,000; 1074,900;    0,000
 813,14; 9210,000;  567,200;    0,000
 813,39; 9066,500;  657,200;    0,000
 813,63; 8814,500; -845,800;    0,000
 813,87; 8924,000;  167,600;    0,000
 814,12; 8576,000;  129,400;    0,000
 814,36; 8326,000;  148,400;    0,000
 814,61; 8234,500; 1703,700;    0,000
 814,85; 7681,000;  -68,400;    0,000
 815,09; 7518,500;  636,700;    0,000
 815,34; 7001,000; -660,400;    0,000
 815,58; 6567,000; -263,800;    0,000
 815,82; 6282,000; -141,700;    0,000
 816,07; 5859,500; -543,700;    0,000
 816,31; 5495,000; -233,100;    0,000
 816,56; 4949,000; -139,200;    0,000
 816,80; 4531,500; 1111,300;    0,000
 817,04; 4035,500; -362,500;    0,000
 817,29; 3546,000; -270,600;    0,000
 817,53; 3101,500;  -22,100;    0,000
 817,77; 2642,500;  -20,800;    0,000
 818,02; 2101,000; -400,900;    0,000
 818,26; 1678,000; -502,900;    0,000
 818,50; 1287,500;  856,900;    0,000
 818,75;  725,000;  894,400;    0,000
 818,99;  253,500; -177,700;    0,000
 819,23;  336,500;  401,300;    0,000
 819,48;  208,500; -500,000;    0,000
 819,72;   70,000;-1002,300;    0,000
 819,96;  261,500; -281,500;    0,000
 820,20;  194,500; -623,500;    0,000
 820,45;  265,500; -579,500;    0,000
 820,69;  391,000;   35,800;    0,000
 820,93;  499,000; -218,200;    0,000
 821,18;  558,000; -241,300;    0,000
 821,42;  675,500; -354,300;    0,000
 821,66;  549,500; -310,200;    0,000
 821,91;  713,000;  -93,500;    0,000
 822,15;  649,500; -370,500;    0,000
 822,39;  673,500; -613,800;    0,000
 822,63; 1153,500; 1887,300;    0,000
 822,88;  833,000;   35,200;    0,000
 823,12;  910,500; -248,400;    0,000
 823,36; 1037,000;  218,500;    0,000
 823,60;  919,000;  535,900;    0,000
 823,85;  900,000;  -74,300;    0,000
 824,09;  963,500;  -28,600;    0,000
 824,33;  960,500; -340,000;    0,000
 824,57;  866,500; -941,100;    0,000
 824,82; 1120,500;  -12,200;    0,000
 825,06;  991,000; -168,100;    0,000
 825,30; 1014,000; -117,200;    0,000
 825,54; 1096,500;  458,000;    0,000
 825,79; 1096,500; -129,800;    0,000
 826,03; 1126,000;  483,200;    0,000
 826,27;  916,500; -493,500;    0,000
 826,51;  955,000; -396,500;    0,000
 826,75;  947,500; -303,300;    0,000
 827,00; 1055,000;  476,500;    0,000
 827,24;  993,000; -142,600;    0,000
 827,48; 1134,500;  273,100;    0,000
 827,72; 1043,000;   18,000;    0,000
 827,96;  957,000; -412,100;    0,000
 828,21; 1102,500;  186,500;    0,000
 828,45; 1088,500;  190,500;    0,000
 828,69; 1048,500;  238,200;    0,000
 828,93; 1065,500;  138,200;    0,000
 829,17;  804,500; -584,900;    0,000
 829,42;  892,000; -677,600;    0,000
 829,66;  762,500; -537,900;    0,000
 829,90;  786,000; -433,500;    0,000
 830,14;  879,000;  -36,800;    0,000
 830,38;  883,000;   61,000;    0,000
 830,62;  856,500;   99,900;    0,000
 830,87;  630,500; -605,300;    0,000
 831,11;  866,500;  528,900;    0,000
 831,35;  525,500; -646,500;    0,000
 831,59;  557,000; -220,100;    0,000
 831,83;  543,000; -100,000;    0,000
 832,07;  610,500;  534,500;    0,000
 832,31;  281,000; -910,300;    0,000
 832,56;  404,000; -247,300;    0,000
 832,80;  416,500;    8,700;    0,000
 833,04;  267,000;   45,700;    0,000
 833,28;  225,500;  -39,200;    0,000
 833,52;  210,000;  586,200;    0,000
 833,76;  -16,000; -354,600;    0,000
 834,00;  -27,500; -761,300;    0,000
 834,24;   47,500;   50,400;    0,000
 834,48;  110,000;  104,400;    0,000
 834,73;  234,000;   97,300;    0,000
 834,97;  478,000;  -71,700;    0,000
 835,21;  544,000;  716,500;    0,000
 835,45;  795,000;  461,400;    0,000
 835,69;  669,000; -358,800;    0,000
 835,93; 1019,500; 1080,400;    0,000
 836,17; 1033,000; -253,600;    0,000
 836,41; 1290,500;   27,100;    0,000
 836,65; 1599,500;  378,700;    0,000
 836,89; 2008,500;  924,600;    0,000
 837,13; 2079,000;  -37,200;    0,000
 837,37; 2290,000;  137,400;    0,000
 837,61; 2492,500;  627,700;    0,000
 837,86; 2633,000;  349,700;    0,000
 838,10; 2829,500; 1005,300;    0,000
 838,34; 2772,000;  510,000;    0,000
 838,58; 2723,000; -309,000;    0,000
 838,82; 3005,500;   22,900;    0,000
 839,06; 3064,500;  863,400;    0,000
 839,30; 3137,000;  -69,500;    0,000
 839,54; 3102,000;  370,100;    0,000
 839,78; 3355,000; -131,800;    0,000
 840,02; 3396,000; 1369,500;    0,000
 840,26; 3236,500; -159,100;    0,000
 840,50; 3776,500; 2707,000;    0,000
 840,74; 3411,000;  710,100;    0,000
 840,98; 3406,500;   42,200;    0,000
 841,22; 3510,500;  472,500;    0,000
 841,46; 3394,500;  171,500;    0,000
 841,70; 3596,500;  552,700;    0,000
 841,94; 3419,500;  -43,800;    0,000
 842,18; 3418,500; -229,400;    0,000
 842,42; 3589,000;  428,600;    0,000
 842,66; 3348,500; -169,300;    0,000
 842,90; 3317,500; -175,600;    0,000
 843,14; 3404,000;  193,500;    0,000
 843,38; 3305,000;  244,200;    0,000
 843,62; 3395,500;  106,700;    0,000
 843,86; 3370,500;  448,600;    0,000
 844,10; 3293,000;  768,400;    0,000
 844,34; 3208,000;  200,100;    0,000
 844,58; 3068,000; -282,300;    0,000
 844,82; 3059,000;  352,900;    0,000
 845,06; 3101,500;  145,200;    0,000
 845,30; 3077,500;  795,300;    0,000
 845,54; 2821,500; -102,200;    0,000
 845,78; 2645,000; -123,100;    0,000
 846,01; 2515,000; -224,800;    0,000
 846,25; 2497,500;   81,600;    0,000
 846,49; 2520,000;   77,300;    0,000
 846,73; 2610,000;  366,700;    0,000
 846,97; 2477,000; -425,700;    0,000
 847,21; 2223,500;   12,400;    0,000
 847,45; 2060,000; -170,900;    0,000
 847,69; 1771,000; -277,200;    0,000
 847,93; 1596,000;  252,100;    0,000
 848,17; 1793,500; 1239,300;    0,000
 848,41; 1482,000; -154,500;    0,000
 848,65; 1349,000;  270,800;    0,000
 848,88; 1231,000; -150,100;    0,000
 849,12; 1041,000;   86,800;    0,000
 849,36;  990,000;  731,400;    0,000
 849,60;  955,000; 1181,100;    0,000
 849,84;  980,500; 2110,500;    0,000
 850,08;  636,500; 1044,800;    0,000
 850,32;  592,500;   -8,100;    0,000
 850,56;  698,000;  171,100;    0,000
 850,80;  597,500; -235,100;    0,000
 851,03;  558,000;  154,800;    0,000
 851,27;  732,500;  376,900;    0,000
 851,51;  529,500;  -40,300;    0,000
 851,75;  635,000;    1,400;    0,000
 851,99;  618,500;  -88,400;    0,000
 852,23;  602,500;  259,700;    0,000
 852,47;  798,000;  718,800;    0,000
 852,70;  823,000;  999,600;    0,000
 852,94;  522,500;  364,400;    0,000
 853,18;  648,500;  422,500;    0,000
 853,42;  590,000;  644,700;    0,000
 853,66;  621,000;  192,700;    0,000
 853,90;  638,500;  362,600;    0,000
 854,13;  561,500; -194,400;    0,000
 854,37;  770,500; 1807,000;    0,000
 854,61;  616,000;   47,000;    0,000
 854,85;  537,500;  743,100;    0,000
 855,09;  722,500;  883,100;    0,000
 855,32;  789,000; 1922,300;    0,000
 855,56;  592,500;  416,000;    0,000
 855,80;  540,000;  595,500;    0,000
 856,04;  559,000;  551,100;    0,000
 856,28;  564,000;  893,000;    0,000
 856,51;  469,500;  386,000;    0,000
 856,75;  434,500;  568,500;    0,000
 856,99;  611,000; 1377,600;    0,000
 857,23;  550,500;  928,600;    0,000
 857,47;  395,000;  401,000;    0,000
 857,70;  442,500;  750,500;    0,000
 857,94;  320,500;  702,200;    0,000
 858,18;  334,500;  718,800;    0,000
 858,42;  353,500;  933,700;    0,000
 858,65;  382,500; 1200,600;    0,000
 858,89;  263,500; 1077,700;    0,000
 859,13;  179,500;  845,800;    0,000
 859,37;   -5,500;   64,100;    0,000
 859,60;   27,000;  515,800;    0,000
 859,84;   42,500;  270,400;    0,000
 860,08;  143,500; 1022,200;    0,000
 860,32;    2,000;  261,900;    0,000
 860,55;    2,500;  430,400;    0,000
 860,79;  180,000;  854,300;    0,000
 861,03;  142,000; 1123,300;    0,000
 861,27;   43,000;  463,800;    0,000
 861,50;  130,000;  333,700;    0,000
 861,74;  276,500; 1301,500;    0,000
 861,98;  221,000; 1223,100;    0,000
 862,21;  236,000; 1403,200;    0,000
 862,45;  113,500;  864,100;    0,000
 862,69;  159,500;  947,500;    0,000
 862,92;  171,000;  601,200;    0,000
 863,16;  241,000; 1324,400;    0,000
 863,40;  170,000;  498,100;    0,000
 863,64;  270,000; 1144,800;    0,000
 863,87;   95,500;  399,500;    0,000
 864,11;  237,000; 1137,700;    0,000
 864,35;  205,500;  952,800;    0,000
 864,58;  221,000;  875,900;    0,000
 864,82;   96,000;  605,200;    0,000
 865,06;  285,000; 1230,200;    0,000
 865,29;  218,500; 1233,800;    0,000
 865,53;  239,000; 1251,700;    0,000
 865,77;  396,500; 1662,100;    0,000
 866,00;  279,500; 1044,500;    0,000
 866,24;  359,500; 1522,900;    0,000
 866,47;  443,500; 1770,400;    0,000
 866,71;  264,500; 1182,900;    0,000
 866,95;  289,500; 1272,400;    0,000
 867,18;  224,500; 1026,800;    0,000
 867,42;  312,000; 1288,500;    0,000
 867,66;  277,500; 1106,300;    0,000
 867,89;  419,500; 1640,400;    0,000
 868,13;  459,500; 2140,300;    0,000
 868,36;  357,500; 1102,900;    0,000
 868,60;  299,000; 1112,900;    0,000
 868,84;  381,000; 1560,400;    0,000
 869,07;  302,000; 1326,800;    0,000
 869,31;  410,000; 1666,800;    0,000
 869,55;  317,000; 1492,100;    0,000
 869,78;  442,500; 1904,400;    0,000
 870,02;  327,500; 1472,800;    0,000
 870,25;  325,500; 1293,200;    0,000
 870,49;  466,000; 2377,000;    0,000
 870,72;  463,000; 2335,500;    0,000
 870,96;  333,000; 1974,400;    0,000
 871,20;  433,000; 1942,500;    0,000
 871,43;  338,000; 1313,700;    0,000
 871,67;  533,000; 2341,900;    0,000
 871,90;  359,500; 1750,700;    0,000
 872,14;  380,000; 1796,500;    0,000
 872,37;  343,500; 1918,300;    0,000
 872,61;  380,500; 1885,200;    0,000
 872,85;  392,500; 2162,800;    0,000
 873,08;  442,000; 2048,200;    0,000
 873,32;  554,000; 3160,100;    0,000
 873,55;  575,000; 3460,400;    0,000
 873,79;  474,000; 2944,000;    0,000
 874,02;  602,500; 3490,100;    0,000
 874,26;  459,000; 2987,000;    0,000
 874,49;  518,000; 3450,900;    0,000
 874,73;  564,500; 3625,400;    0,000
 874,96;  669,500; 4530,200;    0,000
 875,20;  549,000; 3755,700;    0,000
 875,43;  475,500; 3687,500;    0,000
 875,67;  752,000; 4587,500;    0,000
 875,90;  734,500; 5206,500;    0,000
 876,14;  800,000; 5730,500;    0,000
 876,37;  742,000; 5307,900;    0,000
 876,61;  819,500; 5427,700;    0,000
 876,84;  826,000; 5722,500;    0,000
 877,08;  825,000; 5893,900;    0,000
 877,31; 1006,000; 7156,600;    0,000
 877,55; 1094,000; 7427,500;    0,000
 877,78; 1251,000; 8454,100;    0,000
 878,02; 1335,000; 9761,800;    0,000
 878,25; 1376,500; 9893,100;    0,000
 878,49; 1582,000;11550,000;    0,000
 878,72; 1748,500;12647,200;    0,000
 878,96; 2032,500;14653,700;    0,000

