Wave   ;Sample   ;Dark     ;Reference;Scope
 335,38; 4040,000;   28,800;    0,000
 335,67; 4289,500; -230,200;    0,000
 335,96; 4257,000; -666,400;    0,000
 336,25; 4540,500; -257,900;    0,000
 336,54; 4545,000;  500,100;    0,000
 336,83; 4830,000; -202,200;    0,000
 337,13; 5009,500; -465,200;    0,000
 337,42; 5146,500; -104,400;    0,000
 337,71; 5339,500; -447,400;    0,000
 338,00; 5545,000; -222,900;    0,000
 338,29; 5658,000;  -49,600;    0,000
 338,58; 5928,000;  573,100;    0,000
 338,87; 6323,000; 1056,300;    0,000
 339,16; 6273,000; -181,800;    0,000
 339,46; 6677,500;  245,700;    0,000
 339,75; 6801,500;  655,400;    0,000
 340,04; 6923,000;   92,500;    0,000
 340,33; 7065,500; -334,000;    0,000
 340,62; 7627,500; -201,300;    0,000
 340,91; 7479,000; -548,700;    0,000
 341,20; 7754,500; -447,200;    0,000
 341,49; 8265,500; -507,600;    0,000
 341,78; 8356,000; 1118,900;    0,000
 342,07; 8717,000;  -10,300;    0,000
 342,37; 8846,500; -737,000;    0,000
 342,66; 9403,500;  394,600;    0,000
 342,95; 9266,000;   38,500;    0,000
 343,24; 9806,000; -539,300;    0,000
 343,53;10086,500;  496,100;    0,000
 343,82;10204,500; -271,000;    0,000
 344,11;10998,000;  374,600;    0,000
 344,40;10950,500; -486,200;    0,000
 344,69;11126,000; -169,000;    0,000
 344,98;11870,500; -449,200;    0,000
 345,27;12285,500;  149,800;    0,000
 345,56;12455,000; -108,700;    0,000
 345,85;12915,000;  224,400;    0,000
 346,14;13391,500;  220,600;    0,000
 346,44;13549,500; -652,700;    0,000
 346,73;14327,000; 1197,400;    0,000
 347,02;14792,500;  215,700;    0,000
 347,31;15081,000;  389,500;    0,000
 347,60;15028,500;  -91,000;    0,000
 347,89;15875,000;  747,000;    0,000
 348,18;16120,500; -567,600;    0,000
 348,47;16697,500; -563,600;    0,000
 348,76;17138,500;   98,200;    0,000
 349,05;17460,500;  169,600;    0,000
 349,34;18123,500;    8,200;    0,000
 349,63;18659,500; -242,800;    0,000
 349,92;18912,500;  156,300;    0,000
 350,21;19633,500; -360,800;    0,000
 350,50;19623,500; -222,300;    0,000
 350,79;20758,000; -194,400;    0,000
 351,08;21594,000;  501,400;    0,000
 351,37;21605,500;  568,100;    0,000
 351,66;22105,500; -104,800;    0,000
 351,95;22537,000;  522,400;    0,000
 352,24;23363,000; -132,200;    0,000
 352,53;23790,000; -266,300;    0,000
 352,82;24570,000;  605,200;    0,000
 353,11;24604,000;  412,900;    0,000
 353,40;25265,500;   27,300;    0,000
 353,69;25552,500; -570,700;    0,000
 353,98;25874,000;  269,800;    0,000
 354,27;26498,500; -393,400;    0,000
 354,56;27182,000; -480,700;    0,000
 354,85;27509,000; -267,900;    0,000
 355,14;27824,000; -670,200;    0,000
 355,43;28301,000; -379,700;    0,000
 355,72;28812,500;  211,800;    0,000
 356,01;29416,000; -490,700;    0,000
 356,30;29813,500; -393,300;    0,000
 356,59;30498,000;   19,900;    0,000
 356,88;30233,500; -500,500;    0,000
 357,17;30885,500;  163,800;    0,000
 357,46;30919,000;  919,800;    0,000
 357,75;31205,000; -812,500;    0,000
 358,04;31893,000; 1075,000;    0,000
 358,33;31906,000; -665,100;    0,000
 358,62;31964,000; -482,900;    0,000
 358,91;32607,500; -186,800;    0,000
 359,20;33597,500;   74,000;    0,000
 359,49;33230,000;   -7,200;    0,000
 359,78;34025,000; -367,400;    0,000
 360,07;34463,500; -418,000;    0,000
 360,36;34931,500;  746,700;    0,000
 360,65;35140,000; -123,800;    0,000
 360,94;34928,000;  207,400;    0,000
 361,23;35670,000;   71,600;    0,000
 361,52;35616,000;  836,000;    0,000
 361,81;34908,000; -300,300;    0,000
 362,10;35372,000;  517,500;    0,000
 362,39;35783,000;  -91,800;    0,000
 362,68;35467,000; -219,200;    0,000
 362,97;35308,500;  -55,000;    0,000
 363,26;35164,000; -113,600;    0,000
 363,54;35571,000;  -50,000;    0,000
 363,83;35146,500;  -20,700;    0,000
 364,12;34794,500; -418,900;    0,000
 364,41;34982,000;  370,200;    0,000
 364,70;34902,000;  329,200;    0,000
 364,99;34647,500; -465,600;    0,000
 365,28;34633,500;  -87,100;    0,000
 365,57;34577,000;  102,700;    0,000
 365,86;34224,000; -726,200;    0,000
 366,15;33960,000; -384,200;    0,000
 366,44;33593,000; -195,100;    0,000
 366,73;32962,000;-1003,100;    0,000
 367,02;33227,000; -230,700;    0,000
 367,31;33329,000; -150,200;    0,000
 367,59;32914,500; -537,800;    0,000
 367,88;32862,500; -472,000;    0,000
 368,17;32453,000; -343,600;    0,000
 368,46;31983,500;  -65,500;    0,000
 368,75;31945,000; -117,300;    0,000
 369,04;31710,500; -652,900;    0,000
 369,33;30865,500; -188,600;    0,000
 369,62;31364,500;  111,000;    0,000
 369,91;30863,000;   70,700;    0,000
 370,20;30666,500; -320,300;    0,000
 370,48;30927,500;  336,200;    0,000
 370,77;30330,500;  142,200;    0,000
 371,06;29633,500; -634,200;    0,000
 371,35;29451,500;  364,500;    0,000
 371,64;28776,500; -600,800;    0,000
 371,93;28729,500;  585,900;    0,000
 372,22;28164,500;  235,900;    0,000
 372,51;27561,000; -474,900;    0,000
 372,79;26958,000; -530,300;    0,000
 373,08;26933,500;   58,500;    0,000
 373,37;27145,000; -221,600;    0,000
 373,66;26580,500; -374,100;    0,000
 373,95;26891,500; -491,800;    0,000
 374,24;25986,000; -344,300;    0,000
 374,53;26592,000; -279,900;    0,000
 374,81;25762,500; -251,300;    0,000
 375,10;26146,500;  257,600;    0,000
 375,39;25450,000; -126,300;    0,000
 375,68;25342,000; -444,400;    0,000
 375,97;25269,000; -569,100;    0,000
 376,26;24844,500; -959,900;    0,000
 376,55;24705,500; -252,900;    0,000
 376,83;24103,000; -714,700;    0,000
 377,12;24700,000; -325,700;    0,000
 377,41;24416,000; -902,800;    0,000
 377,70;24058,500; -417,900;    0,000
 377,99;23967,000;  431,700;    0,000
 378,28;23751,500;  161,700;    0,000
 378,56;23386,000; -177,500;    0,000
 378,85;23319,000; -521,100;    0,000
 379,14;22997,500; -833,500;    0,000
 379,43;22970,500; -448,400;    0,000
 379,72;22371,000; -940,200;    0,000
 380,01;22307,000; -208,400;    0,000
 380,29;22167,000;  283,800;    0,000
 380,58;21894,500;   28,500;    0,000
 380,87;21665,500;  185,900;    0,000
 381,16;21484,500; -310,900;    0,000
 381,45;21115,500; -414,600;    0,000
 381,73;20757,500; -723,200;    0,000
 382,02;20837,500;  502,400;    0,000
 382,31;20629,000; -173,100;    0,000
 382,60;20073,500;  -74,300;    0,000
 382,89;20220,000; -297,500;    0,000
 383,17;20220,000;  -45,700;    0,000
 383,46;19756,000; -269,800;    0,000
 383,75;19650,500;  596,600;    0,000
 384,04;19451,000;  363,600;    0,000
 384,33;18648,000; -826,300;    0,000
 384,61;18748,000; -180,100;    0,000
 384,90;18557,500; -545,300;    0,000
 385,19;17988,500; -345,000;    0,000
 385,48;18518,000;   88,300;    0,000
 385,76;17724,000; -354,900;    0,000
 386,05;17276,000; -630,400;    0,000
 386,34;17402,000;  463,700;    0,000
 386,63;17173,500;  -76,700;    0,000
 386,92;16802,000; -949,100;    0,000
 387,20;16857,500; -593,800;    0,000
 387,49;16127,000;  123,900;    0,000
 387,78;16318,000; -338,800;    0,000
 388,07;16225,500;  183,700;    0,000
 388,35;15948,000; -280,400;    0,000
 388,64;15410,000;  180,900;    0,000
 388,93;15007,000; -747,000;    0,000
 389,22;15017,000;  503,100;    0,000
 389,50;15076,000;  414,700;    0,000
 389,79;14419,000; -809,700;    0,000
 390,08;14103,500; -579,400;    0,000
 390,37;14045,500;  175,900;    0,000
 390,65;13702,000; -425,600;    0,000
 390,94;13678,000; -540,300;    0,000
 391,23;13477,500;  237,000;    0,000
 391,52;13256,000;  219,900;    0,000
 391,80;12931,000; -413,900;    0,000
 392,09;12863,000;   92,600;    0,000
 392,38;12715,500;  -61,500;    0,000
 392,66;12291,500; -378,800;    0,000
 392,95;12624,500;   75,900;    0,000
 393,24;12155,500;  358,100;    0,000
 393,53;11788,500;    5,000;    0,000
 393,81;11556,000; -103,000;    0,000
 394,10;11189,000; -390,200;    0,000
 394,39;10917,500; -402,900;    0,000
 394,67;10779,000; -430,000;    0,000
 394,96;10816,500; -832,100;    0,000
 395,25;10664,500;  131,400;    0,000
 395,54;10401,500;  450,100;    0,000
 395,82;10042,000; -510,900;    0,000
 396,11;10181,500;  616,100;    0,000
 396,40; 9939,500;   -6,200;    0,000
 396,68; 9537,000;   53,600;    0,000
 396,97; 9398,000;   33,200;    0,000
 397,26; 9455,000;  216,900;    0,000
 397,54; 8898,000; -702,200;    0,000
 397,83; 8714,500; -936,100;    0,000
 398,12; 9027,000;   76,900;    0,000
 398,40; 8966,000; -463,400;    0,000
 398,69;11396,500; -543,100;    0,000
 398,98;12793,000; -475,900;    0,000
 399,26;13352,500; -281,000;    0,000
 399,55;14201,500; -849,000;    0,000
 399,84;14618,000; -867,300;    0,000
 400,12;15050,000; -333,900;    0,000
 400,41;15744,500;   57,400;    0,000
 400,70;15886,500; -581,900;    0,000
 400,98;15817,000;  -18,900;    0,000
 401,27;15855,000; -854,500;    0,000
 401,56;15325,000; -242,200;    0,000
 401,84;15529,000;  -76,300;    0,000
 402,13;15733,500; -237,500;    0,000
 402,42;15735,500; -354,900;    0,000
 402,70;15458,000; -179,200;    0,000
 402,99;15495,500; -148,100;    0,000
 403,28;15140,500; -781,400;    0,000
 403,56;15218,000; -527,900;    0,000
 403,85;15125,000;  521,500;    0,000
 404,14;14644,000; -736,100;    0,000
 404,42;14569,000; -793,700;    0,000
 404,71;14843,500; -264,400;    0,000
 404,99;14340,000;-1016,300;    0,000
 405,28;14345,500; -408,200;    0,000
 405,57;14255,500; -650,300;    0,000
 405,85;14187,500; -486,500;    0,000
 406,14;13978,000; -414,700;    0,000
 406,43;13950,000; -260,700;    0,000
 406,71;13629,000; -365,900;    0,000
 407,00;13935,000; 1716,800;    0,000
 407,28;13496,000; -667,300;    0,000
 407,57;13117,000; -514,500;    0,000
 407,86;13356,500; -185,000;    0,000
 408,14;13037,500;  224,200;    0,000
 408,43;12791,500; -306,500;    0,000
 408,71;12476,000; -154,500;    0,000
 409,00;12008,000;  101,000;    0,000
 409,29;11603,500;  126,600;    0,000
 409,57;11596,000; -423,400;    0,000
 409,86;10587,500; -397,700;    0,000
 410,14; 9856,500; -541,700;    0,000
 410,43; 9484,000; -321,700;    0,000
 410,72; 9072,000;   73,900;    0,000
 411,00; 8056,000;  571,500;    0,000
 411,29; 7144,000;  378,100;    0,000
 411,57; 5409,000; -493,900;    0,000
 411,86; 3137,000; -602,400;    0,000
 412,15; 2979,000; -633,800;    0,000
 412,43; 2697,500; -780,600;    0,000
 412,72; 2635,000; -130,000;    0,000
 413,00; 2602,500; -317,300;    0,000
 413,29; 2442,500; -698,900;    0,000
 413,57; 2334,000; -492,500;    0,000
 413,86; 2276,500; -394,400;    0,000
 414,15; 2100,500; -461,900;    0,000
 414,43; 2050,000; -356,300;    0,000
 414,72; 1809,500; -369,500;    0,000
 415,00; 1616,000; -733,700;    0,000
 415,29; 1706,500;  -81,300;    0,000
 415,57; 1594,500; -173,500;    0,000
 415,86; 1386,000; -570,000;    0,000
 416,14; 1396,000; -860,100;    0,000
 416,43; 1659,000;   56,000;    0,000
 416,71; 1383,500; -142,300;    0,000
 417,00; 1289,500; -658,900;    0,000
 417,29; 1288,000; -985,800;    0,000
 417,57; 1365,000; -271,300;    0,000
 417,86; 1232,500;  -41,200;    0,000
 418,14; 1257,000; -535,400;    0,000
 418,43; 1125,500; -531,700;    0,000
 418,71; 1339,500;  530,600;    0,000
 419,00; 1053,500; -645,000;    0,000
 419,28; 1004,500; -879,400;    0,000
 419,57; 1125,500; -443,900;    0,000
 419,85; 1200,000;  154,400;    0,000
 420,14; 1134,500;  503,700;    0,000
 420,42;  941,000; -732,900;    0,000
 420,71; 1165,500;  258,000;    0,000
 420,99; 1012,000; -256,600;    0,000
 421,28;  998,000;  306,200;    0,000
 421,56;  877,500; -571,300;    0,000
 421,85;  898,500; -605,000;    0,000
 422,13; 1065,000; 1167,200;    0,000
 422,42;  894,000; -336,800;    0,000
 422,70;  811,500; -800,600;    0,000
 422,99;  851,000; -623,900;    0,000
 423,27;  872,500; -414,100;    0,000
 423,56;  785,500; -317,200;    0,000
 423,84;  784,500; -621,500;    0,000
 424,13;  669,500; -687,500;    0,000
 424,41;  809,000; -307,900;    0,000
 424,70;  704,000; -386,200;    0,000
 424,98;  703,000; -506,300;    0,000
 425,27;  862,000;  269,600;    0,000
 425,55;  568,000;-1062,000;    0,000
 425,84;  860,500;  126,100;    0,000
 426,12;  680,500; -813,100;    0,000
 426,40;  685,500; -953,300;    0,000
 426,69;  727,500;  -97,900;    0,000
 426,97;  834,000;  594,200;    0,000
 427,26;  689,500; -535,000;    0,000
 427,54;  599,500; -799,700;    0,000
 427,83;  669,000; -538,600;    0,000
 428,11;  607,000; -418,800;    0,000
 428,40;  689,000; -748,900;    0,000
 428,68;  593,000; -224,900;    0,000
 428,97; 1011,000;  973,700;    0,000
 429,25;  686,500;  -20,300;    0,000
 429,53;  773,500; -324,800;    0,000
 429,82; 1432,500;  -75,000;    0,000
 430,10; 1892,500; -680,700;    0,000
 430,39; 2375,500; -306,000;    0,000
 430,67; 2556,500;   39,200;    0,000
 430,96; 2596,000; -746,300;    0,000
 431,24; 2998,500;  435,500;    0,000
 431,52; 3001,500;  460,700;    0,000
 431,81; 3238,000;   87,100;    0,000
 432,09; 3276,000; -343,200;    0,000
 432,38; 3263,500; -110,400;    0,000
 432,66; 3340,000; -363,900;    0,000
 432,95; 3404,000; -106,500;    0,000
 433,23; 3546,000; -219,700;    0,000
 433,51; 3395,000; -916,400;    0,000
 433,80; 3423,500; -220,600;    0,000
 434,08; 3692,000;  113,300;    0,000
 434,37; 3434,000; -173,800;    0,000
 434,65; 3443,500; -536,900;    0,000
 434,93; 3565,500;  273,500;    0,000
 435,22; 3355,000; -957,000;    0,000
 435,50; 3428,000; -183,600;    0,000
 435,78; 3287,500; -688,600;    0,000
 436,07; 3446,000; -669,300;    0,000
 436,35; 3449,000;  135,100;    0,000
 436,64; 3431,500; -321,000;    0,000
 436,92; 3430,000; -315,500;    0,000
 437,20; 3446,000; -191,200;    0,000
 437,49; 3525,000; -414,600;    0,000
 437,77; 3411,500; -344,500;    0,000
 438,06; 3532,000;  107,100;    0,000
 438,34; 3300,000; -956,300;    0,000
 438,62; 3386,000; -340,000;    0,000
 438,91; 3391,500; -567,800;    0,000
 439,19; 3347,000; -298,800;    0,000
 439,47; 3247,000; -642,300;    0,000
 439,76; 3334,000;  -19,200;    0,000
 440,04; 3216,000; -570,700;    0,000
 440,32; 3106,000; -330,500;    0,000
 440,61; 2961,500; -793,000;    0,000
 440,89; 2999,000;   82,800;    0,000
 441,17; 2724,000;  270,000;    0,000
 441,46; 2709,000; -377,300;    0,000
 441,74; 2351,000; -762,700;    0,000
 442,02; 2395,000; -569,000;    0,000
 442,31; 2206,500;  453,100;    0,000
 442,59; 1766,000; -261,800;    0,000
 442,87; 1131,500; -610,200;    0,000
 443,16;  653,000; -811,300;    0,000
 443,44;  690,500; -117,500;    0,000
 443,72;  793,500; -304,500;    0,000
 444,01;  703,000; -384,000;    0,000
 444,29;  625,000; -556,600;    0,000
 444,57;  784,500; -155,500;    0,000
 444,86;  879,500;  416,800;    0,000
 445,14;  829,000;  -99,500;    0,000
 445,42;  832,000;   -2,400;    0,000
 445,71;  763,500; -358,700;    0,000
 445,99;  785,500; -404,100;    0,000
 446,27;  712,500; -755,500;    0,000
 446,56;  755,000; -615,300;    0,000
 446,84;  695,000; -754,600;    0,000
 447,12;  720,000; -974,400;    0,000
 447,40;  743,500; -732,700;    0,000
 447,69;  745,500; -196,400;    0,000
 447,97;  864,500;   -5,500;    0,000
 448,25;  964,000;  344,500;    0,000
 448,54;  791,000; -880,800;    0,000
 448,82;  773,000; -888,800;    0,000
 449,10;  877,000; -513,200;    0,000
 449,38;  847,500; -556,500;    0,000
 449,67;  937,000; -264,100;    0,000
 449,95; 1021,000;  496,000;    0,000
 450,23;  814,500; -670,700;    0,000
 450,52; 1004,500;  488,800;    0,000
 450,80;  896,500; -777,600;    0,000
 451,08;  845,500; -733,900;    0,000
 451,36; 1052,500;  272,900;    0,000
 451,65;  925,500; -310,200;    0,000
 451,93;  942,500; -358,100;    0,000
 452,21; 1155,500; 1023,300;    0,000
 452,49;  861,000; -730,300;    0,000
 452,78;  946,500; -245,500;    0,000
 453,06; 1016,000; -519,900;    0,000
 453,34; 1009,500; -755,800;    0,000
 453,62; 1022,000; -336,600;    0,000
 453,91; 1003,500; -604,700;    0,000
 454,19; 1338,000; 1589,500;    0,000
 454,47; 1189,500;  628,100;    0,000
 454,75; 1044,000; -688,600;    0,000
 455,04; 1123,500;   -8,600;    0,000
 455,32; 1142,500; -253,300;    0,000
 455,60; 1273,500; -229,400;    0,000
 455,88; 1293,500;  124,500;    0,000
 456,16; 1399,000;  687,500;    0,000
 456,45; 1191,500; -359,400;    0,000
 456,73; 1158,500; -530,800;    0,000
 457,01; 1100,000; -823,800;    0,000
 457,29; 1322,000;  255,700;    0,000
 457,58; 1249,500; -619,100;    0,000
 457,86; 1244,000; -974,700;    0,000
 458,14; 1232,500; -787,200;    0,000
 458,42; 1188,000; -804,700;    0,000
 458,70; 1402,000;  195,100;    0,000
 458,99; 1336,000; -712,700;    0,000
 459,27; 1247,000; -948,000;    0,000
 459,55; 1427,500; -675,800;    0,000
 459,83; 1662,000;  860,500;    0,000
 460,11; 1622,500;  814,100;    0,000
 460,40; 1423,000; -957,300;    0,000
 460,68; 1476,500; -804,200;    0,000
 460,96; 1799,000;  899,500;    0,000
 461,24; 1606,500; -226,400;    0,000
 461,52; 1737,500;  242,400;    0,000
 461,80; 1524,500; -603,500;    0,000
 462,09; 1552,500; -654,300;    0,000
 462,37; 1776,500; -385,900;    0,000
 462,65; 1631,500; -719,600;    0,000
 462,93; 1888,000;   12,800;    0,000
 463,21; 1730,500; -532,100;    0,000
 463,49; 1928,500;   39,800;    0,000
 463,78; 1820,500;  146,100;    0,000
 464,06; 1759,000; -254,600;    0,000
 464,34; 1960,000; -562,100;    0,000
 464,62; 1981,500; -250,900;    0,000
 464,90; 1998,500;  590,200;    0,000
 465,18; 1799,500; -721,600;    0,000
 465,47; 2064,500; -382,500;    0,000
 465,75; 2092,500; -285,000;    0,000
 466,03; 2094,500;   52,200;    0,000
 466,31; 2210,500;  170,800;    0,000
 466,59; 2198,000;  -53,700;    0,000
 466,87; 2385,500;  128,200;    0,000
 467,15; 2323,000; -654,800;    0,000
 467,43; 2328,500; -414,400;    0,000
 467,72; 2346,500; -398,200;    0,000
 468,00; 2440,500; -453,700;    0,000
 468,28; 2277,500; -844,500;    0,000
 468,56; 2494,000; -138,600;    0,000
 468,84; 2410,500; -542,100;    0,000
 469,12; 2491,500;-1021,800;    0,000
 469,40; 2557,500; -561,000;    0,000
 469,68; 2710,000; -433,900;    0,000
 469,97; 2725,000;  -98,900;    0,000
 470,25; 2768,500; -934,200;    0,000
 470,53; 2846,000;   82,500;    0,000
 470,81; 3005,000;  683,900;    0,000
 471,09; 2929,000;  -86,800;    0,000
 471,37; 3008,500;  -19,400;    0,000
 471,65; 2953,500; -552,000;    0,000
 471,93; 3012,000; -499,700;    0,000
 472,21; 3102,500; -426,400;    0,000
 472,49; 3353,000; -221,400;    0,000
 472,77; 3336,000;  -70,500;    0,000
 473,06; 3119,000; -900,300;    0,000
 473,34; 3249,000; -429,000;    0,000
 473,62; 3675,500;  218,200;    0,000
 473,90; 3663,500;  428,800;    0,000
 474,18; 3538,500; -246,200;    0,000
 474,46; 3682,500;   26,700;    0,000
 474,74; 3874,500; -170,300;    0,000
 475,02; 4081,500;  763,000;    0,000
 475,30; 4325,000; 1321,200;    0,000
 475,58; 3917,000; -985,600;    0,000
 475,86; 4198,500; -463,300;    0,000
 476,14; 4012,000; -788,100;    0,000
 476,42; 4020,000; -143,500;    0,000
 476,70; 4389,500;  397,200;    0,000
 476,98; 4453,000;  508,700;    0,000
 477,27; 4453,000;   55,000;    0,000
 477,55; 4625,500; -639,400;    0,000
 477,83; 4564,000; -340,300;    0,000
 478,11; 4581,000; -817,400;    0,000
 478,39; 5066,500;  290,400;    0,000
 478,67; 5123,500;  845,900;    0,000
 478,95; 5246,500;  357,200;    0,000
 479,23; 5218,500; -487,200;    0,000
 479,51; 5231,500; -310,600;    0,000
 479,79; 5304,500;  366,800;    0,000
 480,07; 5132,000; -721,700;    0,000
 480,35; 5468,500; -297,100;    0,000
 480,63; 5593,500; -509,700;    0,000
 480,91; 5625,000; -405,200;    0,000
 481,19; 5621,500;   80,000;    0,000
 481,47; 5989,500; -639,800;    0,000
 481,75; 6851,000; 3113,900;    0,000
 482,03; 5943,000; -706,000;    0,000
 482,31; 6353,500; -341,300;    0,000
 482,59; 6457,000; -289,200;    0,000
 482,87; 6415,500;  105,100;    0,000
 483,15; 6589,000; -548,500;    0,000
 483,43; 6686,500; -187,900;    0,000
 483,71; 6736,000; -709,300;    0,000
 483,99; 7115,500;  699,800;    0,000
 484,27; 7093,000;  352,900;    0,000
 484,55; 7175,500; -594,400;    0,000
 484,83; 7320,500; -431,700;    0,000
 485,11; 7564,000;  -90,600;    0,000
 485,39; 7787,000; -572,900;    0,000
 485,67; 8059,500;  603,500;    0,000
 485,95; 7765,000;  202,900;    0,000
 486,23; 8334,000;  480,300;    0,000
 486,51; 8183,000; -948,400;    0,000
 486,79; 8314,500;  -48,900;    0,000
 487,07; 8861,000;  783,000;    0,000
 487,35; 8523,500;-1137,100;    0,000
 487,63; 9092,000;  693,800;    0,000
 487,91; 8946,500;  190,300;    0,000
 488,18; 9160,500; -474,500;    0,000
 488,46; 9106,500; -180,900;    0,000
 488,74; 9306,000; -737,600;    0,000
 489,02; 9422,000; -894,700;    0,000
 489,30;10063,500;  856,900;    0,000
 489,58;10053,000; -264,700;    0,000
 489,86;10177,500; -497,500;    0,000
 490,14;10319,000; -606,500;    0,000
 490,42;10504,500; -722,500;    0,000
 490,70;10555,000;   22,300;    0,000
 490,98;10799,000; -414,000;    0,000
 491,26;10722,500; -617,700;    0,000
 491,54;11387,500; -100,800;    0,000
 491,82;11469,500;  316,200;    0,000
 492,10;11694,000; -154,800;    0,000
 492,37;12014,500;  408,800;    0,000
 492,65;12017,500; -514,200;    0,000
 492,93;11935,000; -792,600;    0,000
 493,21;12532,000; -297,000;    0,000
 493,49;12768,000;  -60,900;    0,000
 493,77;12593,500; -759,000;    0,000
 494,05;13014,000; -627,900;    0,000
 494,33;13199,000; -462,100;    0,000
 494,61;13348,000; -387,300;    0,000
 494,89;13679,500;  106,000;    0,000
 495,16;13912,000; -164,400;    0,000
 495,44;13918,000; -454,500;    0,000
 495,72;14291,500;  761,700;    0,000
 496,00;14412,500; -706,500;    0,000
 496,28;14794,000; -419,200;    0,000
 496,56;14956,500; -736,100;    0,000
 496,84;15254,000; -623,800;    0,000
 497,12;15119,000; -787,600;    0,000
 497,40;15765,500;  459,600;    0,000
 497,67;15845,500;  339,000;    0,000
 497,95;15845,000; -697,600;    0,000
 498,23;16379,500;  811,600;    0,000
 498,51;16446,500; -508,000;    0,000
 498,79;16507,000; -456,500;    0,000
 499,07;17447,500;  388,400;    0,000
 499,35;17708,500;  444,700;    0,000
 499,62;17213,000; -161,900;    0,000
 499,90;17985,500;  117,500;    0,000
 500,18;18269,500;  216,300;    0,000
 500,46;17905,000; -736,500;    0,000
 500,74;18773,000;  -74,100;    0,000
 501,02;18714,500; -429,000;    0,000
 501,30;19145,500; -139,300;    0,000
 501,57;19494,000;  516,300;    0,000
 501,85;19533,500;  134,100;    0,000
 502,13;19781,500;   70,600;    0,000
 502,41;19876,500; -400,100;    0,000
 502,69;20087,000; -261,300;    0,000
 502,96;20800,000; 1538,900;    0,000
 503,24;20725,000;  365,900;    0,000
 503,52;21159,500; -119,500;    0,000
 503,80;21290,500; -210,100;    0,000
 504,08;21211,500; -547,600;    0,000
 504,36;21429,000; -507,300;    0,000
 504,63;21819,500;  456,800;    0,000
 504,91;22079,000;  239,800;    0,000
 505,19;22675,500;  531,600;    0,000
 505,47;22796,000;  282,800;    0,000
 505,75;22769,500;  199,600;    0,000
 506,02;23056,000;    1,600;    0,000
 506,30;23191,500;  615,200;    0,000
 506,58;23463,000;   28,100;    0,000
 506,86;23890,000; 1053,000;    0,000
 507,14;23604,000;  938,800;    0,000
 507,41;24333,000; -212,600;    0,000
 507,69;24168,000;  233,500;    0,000
 507,97;24564,500;  860,500;    0,000
 508,25;24808,000;  273,400;    0,000
 508,52;24371,000;  148,400;    0,000
 508,80;25527,500;  687,100;    0,000
 509,08;25359,000; 1550,700;    0,000
 509,36;25639,500;  756,300;    0,000
 509,64;25666,000;  180,000;    0,000
 509,91;25497,500;  456,500;    0,000
 510,19;26002,000;  703,900;    0,000
 510,47;25893,500;  513,500;    0,000
 510,75;26376,500; 1156,300;    0,000
 511,02;26473,500; 1283,900;    0,000
 511,30;26762,000; 2376,100;    0,000
 511,58;26565,500; 1374,500;    0,000
 511,86;26863,000; 1559,800;    0,000
 512,13;26828,500; 1843,100;    0,000
 512,41;27195,000; 2656,200;    0,000
 512,69;27584,500; 2448,600;    0,000
 512,97;27429,500; 2264,000;    0,000
 513,24;27784,500; 2091,700;    0,000
 513,52;27159,500; 1793,100;    0,000
 513,80;27357,000; 2991,800;    0,000
 514,07;27308,000; 2713,700;    0,000
 514,35;27672,000; 2679,500;    0,000
 514,63;27504,500; 2343,900;    0,000
 514,91;27692,000; 2674,500;    0,000
 515,18;27680,500; 2714,900;    0,000
 515,46;27971,500; 3847,400;    0,000
 515,74;27791,000; 3272,900;    0,000
 516,01;28083,500; 4409,300;    0,000
 516,29;28267,000; 4952,000;    0,000
 516,57;27656,500; 3776,000;    0,000
 516,85;27892,500; 3761,600;    0,000
 517,12;27482,500; 3861,500;    0,000
 517,40;27519,000; 4444,400;    0,000
 517,68;27783,000; 4509,100;    0,000
 517,95;27652,000; 5313,900;    0,000
 518,23;27905,500; 5641,700;    0,000
 518,51;27708,000; 6147,700;    0,000
 518,78;27206,500; 5418,700;    0,000
 519,06;27228,500; 6688,300;    0,000
 519,34;27272,500; 7071,800;    0,000
 519,61;27181,500; 6126,100;    0,000
 519,89;26896,500; 6965,500;    0,000
 520,17;26872,000; 7597,000;    0,000
 520,44;27021,500; 8301,700;    0,000
 520,72;26912,000; 8449,900;    0,000
 521,00;26154,000; 8459,300;    0,000
 521,27;26395,000; 9044,400;    0,000
 521,55;26565,000; 9640,800;    0,000
 521,83;26104,500;11201,600;    0,000
 522,10;26260,000;10641,700;    0,000
 522,38;25858,000;10761,000;    0,000
 522,66;25218,500;10207,600;    0,000
 522,93;25262,500;11114,300;    0,000
 523,21;24756,500;11711,200;    0,000
 523,49;24273,000;11754,600;    0,000
 523,76;24388,500;12826,800;    0,000
 524,04;24240,000;13406,000;    0,000
 524,32;23613,500;13543,400;    0,000
 524,59;24347,500;15112,400;    0,000
 524,87;23695,500;15253,900;    0,000
 525,14;23451,500;16868,400;    0,000
 525,42;22881,500;16039,800;    0,000
 525,70;22903,500;17283,199;    0,000
 525,97;22520,000;18680,900;    0,000
 526,25;22316,000;18773,600;    0,000
 526,52;21902,000;19217,301;    0,000
 526,80;21592,000;19819,801;    0,000
 527,08;21467,000;20698,199;    0,000
 527,35;20994,000;21093,500;    0,000
 527,63;20774,000;23168,801;    0,000
 527,91;20614,000;23039,900;    0,000
 528,18;20020,000;23777,600;    0,000
 528,46;19793,500;24377,600;    0,000
 528,73;19336,000;25470,699;    0,000
 529,01;19176,000;26645,801;    0,000
 529,28;18553,500;27044,699;    0,000
 529,56;18853,000;28873,801;    0,000
 529,84;18323,000;29689,400;    0,000
 530,11;17908,000;29824,199;    0,000
 530,39;18103,500;31255,500;    0,000
 530,66;17194,500;32119,801;    0,000
 530,94;17270,500;33280,199;    0,000
 531,22;16444,500;34168,801;    0,000
 531,49;16427,000;35731,102;    0,000
 531,77;16283,500;36637,500;    0,000
 532,04;15801,500;38177,199;    0,000
 532,32;15687,000;39223,398;    0,000
 532,59;15061,500;39853,398;    0,000
 532,87;14761,500;41474,301;    0,000
 533,14;14592,000;42684,102;    0,000
 533,42;14497,500;43903,602;    0,000
 533,70;13683,000;44957,301;    0,000
 533,97;13711,500;46357,898;    0,000
 534,25;13483,000;47585,398;    0,000
 534,52;13151,000;49170,801;    0,000
 534,80;12600,000;50903,301;    0,000
 535,07;12762,500;52664,000;    0,000
 535,35;12152,000;53380,602;    0,000
 535,62;11950,500;54923,102;    0,000
 535,90;11863,000;55666,898;    0,000
 536,17;11591,000;58219,500;    0,000
 536,45;11297,500;58571,602;    0,000
 536,72;10973,000;60280,602;    0,000
 537,00;10589,500;61783,500;    0,000
 537,27;10813,500;63138,898;    0,000
 537,55;10601,500;63066,602;    0,000
 537,82; 9925,500;63167,301;    0,000
 538,10; 9983,000;63127,602;    0,000
 538,37; 9898,500;63167,301;    0,000
 538,65; 9424,000;63127,602;    0,000
 538,92; 9318,500;63167,301;    0,000
 539,20; 9273,000;63127,602;    0,000
 539,47; 9008,500;63167,301;    0,000
 539,75; 8873,500;63127,602;    0,000
 540,02; 8775,000;63167,301;    0,000
 540,30; 8475,500;63127,602;    0,000
 540,57; 8436,500;63167,301;    0,000
 540,85; 8098,500;63127,602;    0,000
 541,12; 7845,000;63167,301;    0,000
 541,40; 7723,000;63127,602;    0,000
 541,67; 7362,000;63167,301;    0,000
 541,95; 7399,500;63127,602;    0,000
 542,22; 7768,500;63167,301;    0,000
 542,50; 6965,000;63127,602;    0,000
 542,77; 6964,500;63167,301;    0,000
 543,05; 6687,500;63127,602;    0,000
 543,32; 6496,500;63167,301;    0,000
 543,60; 6465,500;63127,602;    0,000
 543,87; 6314,500;63167,301;    0,000
 544,14; 6066,500;63127,602;    0,000
 544,42; 6059,500;63167,301;    0,000
 544,69; 6163,500;63127,602;    0,000
 544,97; 5520,000;63167,301;    0,000
 545,24; 5627,500;63127,602;    0,000
 545,52; 5434,000;63167,301;    0,000
 545,79; 5572,000;63127,602;    0,000
 546,07; 5300,500;63167,301;    0,000
 546,34; 5156,000;63127,602;    0,000
 546,61; 5210,500;63167,301;    0,000
 546,89; 4782,500;63127,602;    0,000
 547,16; 5016,000;63167,301;    0,000
 547,44; 4534,500;63127,602;    0,000
 547,71; 4512,000;63167,301;    0,000
 547,98; 4469,500;63127,602;    0,000
 548,26; 4395,000;63167,301;    0,000
 548,53; 4279,000;63127,602;    0,000
 548,81; 4339,500;63167,301;    0,000
 549,08; 4097,000;63127,602;    0,000
 549,36; 4100,000;63167,301;    0,000
 549,63; 3918,000;63127,602;    0,000
 549,90; 3959,500;63167,301;    0,000
 550,18; 3924,000;63127,602;    0,000
 550,45; 3633,500;63167,301;    0,000
 550,72; 3507,000;63127,602;    0,000
 551,00; 3696,000;63167,301;    0,000
 551,27; 3440,000;63127,602;    0,000
 551,55; 3467,000;63167,301;    0,000
 551,82; 3469,000;63127,602;    0,000
 552,09; 3319,500;63167,301;    0,000
 552,37; 3130,000;63127,602;    0,000
 552,64; 3127,000;63167,301;    0,000
 552,91; 2986,000;63127,602;    0,000
 553,19; 3063,500;63167,301;    0,000
 553,46; 2803,000;63127,602;    0,000
 553,74; 3012,000;63167,301;    0,000
 554,01; 2710,500;63127,602;    0,000
 554,28; 2587,000;63167,301;    0,000
 554,56; 2642,000;63127,602;    0,000
 554,83; 2661,500;63167,301;    0,000
 555,10; 2702,000;63127,602;    0,000
 555,38; 2716,500;63167,301;    0,000
 555,65; 2582,500;63127,602;    0,000
 555,92; 2639,000;63167,301;    0,000
 556,20; 2403,000;63127,602;    0,000
 556,47; 2460,000;63167,301;    0,000
 556,74; 2312,500;63127,602;    0,000
 557,02; 2347,500;63167,301;    0,000
 557,29; 2306,500;63127,602;    0,000
 557,56; 2182,500;63167,301;    0,000
 557,84; 2238,000;63127,602;    0,000
 558,11; 2113,000;63167,301;    0,000
 558,38; 2057,000;63127,602;    0,000
 558,66; 2009,500;63167,301;    0,000
 558,93; 2091,500;63127,602;    0,000
 559,20; 2001,000;63167,301;    0,000
 559,48; 2161,000;63127,602;    0,000
 559,75; 2059,500;63167,301;    0,000
 560,02; 1992,000;63127,602;    0,000
 560,29; 2139,500;63167,301;    0,000
 560,57; 1827,000;63127,602;    0,000
 560,84; 1892,500;63167,301;    0,000
 561,11; 1894,000;63127,602;    0,000
 561,39; 1811,000;63167,301;    0,000
 561,66; 1802,000;63127,602;    0,000
 561,93; 1688,500;63167,301;    0,000
 562,20; 1826,500;63127,602;    0,000
 562,48; 1836,000;63167,301;    0,000
 562,75; 1902,500;63127,602;    0,000
 563,02; 1933,000;63167,301;    0,000
 563,30; 1689,500;63127,602;    0,000
 563,57; 1662,500;63167,301;    0,000
 563,84; 1912,500;63127,602;    0,000
 564,11; 1659,000;63167,301;    0,000
 564,39; 1684,500;63127,602;    0,000
 564,66; 1690,000;63167,301;    0,000
 564,93; 1805,500;63127,602;    0,000
 565,20; 1574,500;63167,301;    0,000
 565,48; 1479,500;63127,602;    0,000
 565,75; 2854,500;63167,301;    0,000
 566,02; 1561,000;63127,602;    0,000
 566,29; 1831,000;63167,301;    0,000
 566,57; 1480,500;63127,602;    0,000
 566,84; 1430,000;63167,301;    0,000
 567,11; 1554,500;63127,602;    0,000
 567,38; 1373,500;63167,301;    0,000
 567,65; 1554,500;63127,602;    0,000
 567,93; 1375,000;63167,301;    0,000
 568,20; 1422,500;63127,602;    0,000
 568,47; 1378,500;63167,301;    0,000
 568,74; 1454,000;63127,602;    0,000
 569,02; 1423,000;63167,301;    0,000
 569,29; 1554,500;63127,602;    0,000
 569,56; 1464,500;63167,301;    0,000
 569,83; 1352,500;63127,602;    0,000
 570,10; 1502,000;63167,301;    0,000
 570,38; 1521,000;63127,602;    0,000
 570,65; 1372,000;63167,301;    0,000
 570,92; 1307,500;63127,602;    0,000
 571,19; 1393,500;63167,301;    0,000
 571,46; 1338,500;63127,602;    0,000
 571,74; 1080,500;63167,301;    0,000
 572,01; 1542,500;63127,602;    0,000
 572,28; 1384,000;63167,301;    0,000
 572,55; 1276,000;63127,602;    0,000
 572,82; 1423,500;63167,301;    0,000
 573,09; 1310,500;63127,602;    0,000
 573,37; 1239,500;63167,301;    0,000
 573,64; 1207,500;63127,602;    0,000
 573,91; 1273,000;63167,301;    0,000
 574,18; 1240,000;63127,602;    0,000
 574,45; 1230,500;63167,301;    0,000
 574,72; 1230,000;63127,602;    0,000
 575,00; 1233,000;63167,301;    0,000
 575,27; 1158,000;63127,602;    0,000
 575,54; 1281,000;63167,301;    0,000
 575,81; 1164,500;63127,602;    0,000
 576,08; 1216,000;63167,301;    0,000
 576,35; 1300,500;63127,602;    0,000
 576,63; 1444,000;63167,301;    0,000
 576,90; 1132,500;63127,602;    0,000
 577,17; 1335,000;63167,301;    0,000
 577,44; 1265,500;63127,602;    0,000
 577,71; 1426,500;63167,301;    0,000
 577,98; 1334,000;63127,602;    0,000
 578,25; 1102,000;63167,301;    0,000
 578,52; 1117,500;63127,602;    0,000
 578,80; 1298,500;63167,301;    0,000
 579,07; 1239,500;63127,602;    0,000
 579,34; 1236,000;63167,301;    0,000
 579,61; 1305,000;63127,602;    0,000
 579,88; 1237,000;63167,301;    0,000
 580,15; 1064,500;63127,602;    0,000
 580,42; 1182,500;63167,301;    0,000
 580,69; 1123,000;63127,602;    0,000
 580,96; 1066,500;63167,301;    0,000
 581,23; 1220,500;63127,602;    0,000
 581,51; 1264,500;63167,301;    0,000
 581,78; 1134,500;63127,602;    0,000
 582,05; 1330,500;63167,301;    0,000
 582,32; 1178,500;63127,602;    0,000
 582,59; 1126,000;63167,301;    0,000
 582,86; 1113,500;63127,602;    0,000
 583,13;  963,000;63167,301;    0,000
 583,40; 1154,500;63127,602;    0,000
 583,67; 1108,500;63167,301;    0,000
 583,94; 1078,000;63127,602;    0,000
 584,21; 1315,000;63167,301;    0,000
 584,48; 1040,000;63127,602;    0,000
 584,75; 1304,000;63167,301;    0,000
 585,03; 1208,500;63127,602;    0,000
 585,30; 1079,000;63167,301;    0,000
 585,57; 1077,500;63127,602;    0,000
 585,84; 1262,000;63167,301;    0,000
 586,11; 1067,500;63127,602;    0,000
 586,38;  956,000;63167,301;    0,000
 586,65; 1197,000;63127,602;    0,000
 586,92; 1033,500;63167,301;    0,000
 587,19; 1170,000;63127,602;    0,000
 587,46; 1125,000;63167,301;    0,000
 587,73;  966,000;63127,602;    0,000
 588,00; 1140,500;63167,301;    0,000
 588,27;  999,000;63123,898;    0,000
 588,54; 1048,000;62757,000;    0,000
 588,81; 1124,000;62646,699;    0,000
 589,08;  953,000;61756,301;    0,000
 589,35; 1037,500;60706,602;    0,000
 589,62; 1010,500;60385,898;    0,000
 589,89;  991,000;59329,000;    0,000
 590,16; 1095,000;58022,699;    0,000
 590,43; 1071,500;57529,898;    0,000
 590,70; 1234,500;57330,301;    0,000
 590,97; 1160,500;55502,500;    0,000
 591,24; 1001,500;54541,398;    0,000
 591,51; 1054,500;53414,602;    0,000
 591,78;  994,000;52291,801;    0,000
 592,05;  929,500;51138,301;    0,000
 592,32; 1203,000;52011,301;    0,000
 592,59; 1002,000;49937,301;    0,000
 592,86;  987,500;49275,000;    0,000
 593,13;  905,000;47284,398;    0,000
 593,40;  950,500;46529,398;    0,000
 593,67; 1178,500;46957,898;    0,000
 593,94;  819,000;44459,500;    0,000
 594,21; 1140,000;45089,301;    0,000
 594,48; 1027,500;44295,699;    0,000
 594,75;  971,500;42664,699;    0,000
 595,02;  935,500;41676,102;    0,000
 595,29; 1016,500;41435,801;    0,000
 595,56;  882,000;40149,000;    0,000
 595,83;  855,000;39124,801;    0,000
 596,10; 1012,000;38819,500;    0,000
 596,37;  808,000;37373,500;    0,000
 596,63; 1130,000;38644,301;    0,000
 596,90; 1004,500;36625,699;    0,000
 597,17;  939,500;35810,898;    0,000
 597,44;  953,000;35013,602;    0,000
 597,71;  936,000;34583,301;    0,000
 597,98;  922,000;33900,801;    0,000
 598,25;  951,000;32601,100;    0,000
 598,52; 1075,000;32634,199;    0,000
 598,79; 1024,500;31850,900;    0,000
 599,06;  767,000;30042,801;    0,000
 599,33;  842,000;29655,900;    0,000
 599,60;  986,000;29462,199;    0,000
 599,87;  939,500;28816,699;    0,000
 600,13;  932,500;28292,199;    0,000
 600,40; 1034,500;28527,199;    0,000
 600,67;  919,500;27125,301;    0,000
 600,94;  843,000;26166,400;    0,000
 601,21;  941,000;25900,600;    0,000
 601,48; 1009,000;26134,699;    0,000
 601,75;  956,500;25100,600;    0,000
 602,02;  946,000;24694,100;    0,000
 602,29;  878,000;23532,801;    0,000
 602,56;  950,500;23479,301;    0,000
 602,82;  733,500;22236,699;    0,000
 603,09;  873,000;22145,801;    0,000
 603,36;  910,000;21423,000;    0,000
 603,63;  868,000;21260,000;    0,000
 603,90;  772,500;19984,199;    0,000
 604,17;  852,500;20095,100;    0,000
 604,44;  810,000;19762,600;    0,000
 604,70;  824,000;18981,699;    0,000
 604,97;  878,000;18932,000;    0,000
 605,24;  921,500;18677,900;    0,000
 605,51;  843,500;18311,801;    0,000
 605,78; 1095,000;18562,301;    0,000
 606,05;  797,500;16589,000;    0,000
 606,32; 1063,000;16978,400;    0,000
 606,58;  907,000;16046,900;    0,000
 606,85; 1351,000;17064,801;    0,000
 607,12;  846,500;15044,100;    0,000
 607,39; 1006,000;15889,400;    0,000
 607,66;  966,500;15000,700;    0,000
 607,93;  928,500;14625,900;    0,000
 608,19; 1048,000;14486,400;    0,000
 608,46; 1098,500;14527,300;    0,000
 608,73;  992,500;13276,500;    0,000
 609,00; 1053,500;13381,400;    0,000
 609,27; 1077,500;13447,600;    0,000
 609,53; 1045,000;12830,500;    0,000
 609,80; 1060,500;12588,100;    0,000
 610,07;  984,000;12418,500;    0,000
 610,34;  953,000;11442,500;    0,000
 610,61;  802,000;10761,700;    0,000
 610,88;  837,500;10905,800;    0,000
 611,14; 1099,000;12050,300;    0,000
 611,41;  952,500;10563,000;    0,000
 611,68;  858,500;10329,500;    0,000
 611,95; 1095,000;10658,600;    0,000
 612,21;  994,000;10494,400;    0,000
 612,48; 1007,000; 9806,100;    0,000
 612,75;  982,000; 9908,800;    0,000
 613,02; 1066,500; 9677,000;    0,000
 613,29;  945,500; 8462,100;    0,000
 613,55;  970,500; 8708,400;    0,000
 613,82; 1069,500; 9413,800;    0,000
 614,09;  860,000; 8267,700;    0,000
 614,36; 1107,500; 8924,400;    0,000
 614,62; 1014,000; 8302,100;    0,000
 614,89; 1085,000; 8423,400;    0,000
 615,16; 1060,000; 8004,000;    0,000
 615,43;  885,000; 7240,000;    0,000
 615,69;  921,000; 7084,400;    0,000
 615,96;  947,000; 7020,300;    0,000
 616,23;  855,000; 6564,700;    0,000
 616,50;  966,000; 6879,800;    0,000
 616,76;  890,500; 6440,800;    0,000
 617,03;  938,500; 6116,400;    0,000
 617,30;  907,500; 5726,400;    0,000
 617,57;  908,500; 5878,900;    0,000
 617,83;  806,000; 5707,400;    0,000
 618,10;  934,000; 6388,800;    0,000
 618,37;  887,500; 5423,300;    0,000
 618,63;  878,500; 5643,000;    0,000
 618,90;  693,500; 4728,900;    0,000
 619,17;  834,000; 5577,200;    0,000
 619,44;  967,500; 6092,700;    0,000
 619,70;  894,500; 5775,200;    0,000
 619,97;  676,500; 4122,700;    0,000
 620,24;  733,500; 4276,800;    0,000
 620,50;  770,500; 4511,200;    0,000
 620,77;  847,500; 4553,500;    0,000
 621,04;  875,500; 3902,100;    0,000
 621,30;  932,500; 4366,300;    0,000
 621,57;  820,000; 3960,900;    0,000
 621,84;  808,500; 3931,100;    0,000
 622,11;  729,000; 3530,400;    0,000
 622,37;  832,500; 4384,200;    0,000
 622,64;  710,500; 3697,600;    0,000
 622,91;  731,000; 3401,300;    0,000
 623,17;  878,500; 3497,900;    0,000
 623,44;  836,500; 3649,300;    0,000
 623,71;  726,500; 2682,100;    0,000
 623,97;  705,000; 2807,200;    0,000
 624,24;  685,000; 2650,700;    0,000
 624,51;  776,000; 2624,400;    0,000
 624,77;  758,500; 2867,200;    0,000
 625,04;  745,000; 2618,700;    0,000
 625,30;  713,000; 2312,600;    0,000
 625,57;  921,500; 3687,900;    0,000
 625,84;  977,500; 3669,800;    0,000
 626,10;  852,500; 2755,900;    0,000
 626,37;  815,000; 2982,500;    0,000
 626,64;  776,500; 2315,800;    0,000
 626,90;  844,000; 2315,000;    0,000
 627,17;  733,500; 1813,900;    0,000
 627,44;  835,500; 2269,100;    0,000
 627,70; 1003,500; 3282,200;    0,000
 627,97;  767,500; 2355,400;    0,000
 628,23;  676,000; 1814,100;    0,000
 628,50;  772,000; 1362,200;    0,000
 628,77;  812,500; 2059,300;    0,000
 629,03;  786,000; 1846,000;    0,000
 629,30;  788,500; 2142,100;    0,000
 629,56;  794,500; 1449,300;    0,000
 629,83;  801,000; 1588,900;    0,000
 630,10;  839,500; 1784,500;    0,000
 630,36;  730,000; 1500,900;    0,000
 630,63;  976,500; 2858,900;    0,000
 630,89;  780,500; 1273,800;    0,000
 631,16;  851,000; 1363,900;    0,000
 631,43;  948,500; 2752,300;    0,000
 631,69;  789,500; 1310,400;    0,000
 631,96;  803,000; 1826,100;    0,000
 632,22;  779,500; 1400,300;    0,000
 632,49;  583,500;  789,600;    0,000
 632,75;  664,500; 1153,400;    0,000
 633,02;  839,000; 1418,200;    0,000
 633,29;  895,000; 1872,200;    0,000
 633,55;  812,000; 1618,000;    0,000
 633,82;  870,000; 1593,800;    0,000
 634,08;  837,000; 1572,200;    0,000
 634,35;  793,500; 1598,100;    0,000
 634,61;  633,500;  366,500;    0,000
 634,88;  692,000;  452,400;    0,000
 635,14;  792,000; 1404,300;    0,000
 635,41;  877,000; 1348,300;    0,000
 635,68;  805,500; 1622,700;    0,000
 635,94;  871,000; 1521,100;    0,000
 636,21;  828,000; 1536,400;    0,000
 636,47;  832,500; 1242,700;    0,000
 636,74;  919,500; 1809,300;    0,000
 637,00;  737,000;  916,100;    0,000
 637,27;  762,500; 1011,000;    0,000
 637,53;  656,000;  162,300;    0,000
 637,80;  726,500;  577,000;    0,000
 638,06; 1042,000; 2100,700;    0,000
 638,33;  813,500;  944,000;    0,000
 638,59;  712,500;  611,600;    0,000
 638,86;  688,000;  620,500;    0,000
 639,12;  864,500;  790,700;    0,000
 639,39;  938,000; 1356,200;    0,000
 639,65;  844,000; 1306,700;    0,000
 639,92;  858,500;  882,200;    0,000
 640,18;  634,500;   24,200;    0,000
 640,45; 1114,000; 2494,900;    0,000
 640,71;  765,000;  177,300;    0,000
 640,98;  815,000;  663,800;    0,000
 641,24;  809,500;  818,700;    0,000
 641,51;  878,000;  449,500;    0,000
 641,77;  907,000;  843,900;    0,000
 642,04;  938,500; 1490,700;    0,000
 642,30;  686,000;  361,700;    0,000
 642,57;  844,000; 1033,000;    0,000
 642,83;  832,000;  195,200;    0,000
 643,10;  831,500;  452,900;    0,000
 643,36;  618,500; -105,900;    0,000
 643,62;  980,000; 1451,100;    0,000
 643,89;  809,500;  281,400;    0,000
 644,15; 1008,000; 1563,700;    0,000
 644,42;  809,000;  730,700;    0,000
 644,68;  904,500;  777,800;    0,000
 644,95; 1119,000; 2010,400;    0,000
 645,21;  938,000; 1203,000;    0,000
 645,48;  994,000;  971,500;    0,000
 645,74;  818,500;  182,500;    0,000
 646,00;  905,500;  584,700;    0,000
 646,27;  857,500;  490,600;    0,000
 646,53;  816,500; -233,400;    0,000
 646,80;  781,000; -234,200;    0,000
 647,06;  854,500;  617,100;    0,000
 647,32; 1040,500; 1067,000;    0,000
 647,59;  764,000;  -25,200;    0,000
 647,85;  814,500; -225,400;    0,000
 648,12;  869,000;  318,900;    0,000
 648,38; 1085,500; 1019,500;    0,000
 648,65;  976,500;  630,600;    0,000
 648,91; 1017,000;  263,400;    0,000
 649,17;  953,500;  227,800;    0,000
 649,44;  873,500;   55,100;    0,000
 649,70;  947,000;    1,400;    0,000
 649,96; 1120,000; 1414,000;    0,000
 650,23;  818,000; -316,100;    0,000
 650,49;  894,500;  148,600;    0,000
 650,76;  964,000;  -36,800;    0,000
 651,02;  879,500;  370,100;    0,000
 651,28;  987,500;  277,000;    0,000
 651,55;  910,000;  -44,500;    0,000
 651,81; 1046,500;  389,800;    0,000
 652,07; 1097,000;  923,500;    0,000
 652,34; 1015,000;  292,400;    0,000
 652,60;  994,000;  -93,500;    0,000
 652,87; 1100,000;  809,400;    0,000
 653,13;  937,500; -273,400;    0,000
 653,39;  987,000;  105,100;    0,000
 653,66;  961,500; -372,900;    0,000
 653,92; 1035,500;  -24,400;    0,000
 654,18;  884,000;  -79,900;    0,000
 654,45; 1018,000;  325,100;    0,000
 654,71;  924,500; -670,300;    0,000
 654,97;  928,000; -495,800;    0,000
 655,24; 1099,500;   84,300;    0,000
 655,50; 1014,000; -164,900;    0,000
 655,76;  963,000;   56,000;    0,000
 656,03; 1118,500;   98,300;    0,000
 656,29; 1065,000; -128,800;    0,000
 656,55; 1000,000; -520,900;    0,000
 656,81; 1075,000;  476,400;    0,000
 657,08; 1130,000;  487,500;    0,000
 657,34; 1033,500; -457,300;    0,000
 657,60; 1158,000; -272,800;    0,000
 657,87; 1166,000;  230,500;    0,000
 658,13; 1304,000;  394,400;    0,000
 658,39; 1100,000; -260,100;    0,000
 658,66; 1051,000; -514,000;    0,000
 658,92; 1000,000; -241,800;    0,000
 659,18; 1103,000; -439,900;    0,000
 659,44; 1266,000;  547,700;    0,000
 659,71; 1118,000; -453,100;    0,000
 659,97; 1128,500;  702,000;    0,000
 660,23; 1146,500; -207,900;    0,000
 660,50; 1299,500; -107,500;    0,000
 660,76; 1097,000; -327,200;    0,000
 661,02; 1235,000;  120,200;    0,000
 661,28; 1178,500;  255,100;    0,000
 661,55; 1257,500;  192,200;    0,000
 661,81; 1140,000; -734,700;    0,000
 662,07; 1197,500; -231,900;    0,000
 662,33; 1265,000; -462,800;    0,000
 662,60; 1111,000; -711,100;    0,000
 662,86; 1373,000;  607,200;    0,000
 663,12; 1329,000;  526,200;    0,000
 663,38; 1221,000; -208,300;    0,000
 663,65; 1417,500;  505,400;    0,000
 663,91; 1388,500;  470,000;    0,000
 664,17; 1339,500;   -6,500;    0,000
 664,43; 1328,000; -109,000;    0,000
 664,69; 1260,500; -642,400;    0,000
 664,96; 1396,000;  308,900;    0,000
 665,22; 1334,500; -163,300;    0,000
 665,48; 1344,000;  -62,400;    0,000
 665,74; 1463,000;  314,700;    0,000
 666,01; 1525,500;  586,100;    0,000
 666,27; 1316,000; -604,200;    0,000
 666,53; 1384,500;   27,300;    0,000
 666,79; 1347,000;  -96,700;    0,000
 667,05; 1271,000; -569,700;    0,000
 667,32; 1328,000; -424,200;    0,000
 667,58; 1543,000;  241,200;    0,000
 667,84; 1355,500;  -73,800;    0,000
 668,10; 1343,500; -523,500;    0,000
 668,36; 1676,500; 1288,600;    0,000
 668,63; 1363,500;  -92,400;    0,000
 668,89; 1362,500; -321,200;    0,000
 669,15; 1401,000; -703,900;    0,000
 669,41; 1704,000; 1249,600;    0,000
 669,67; 1500,500; -242,900;    0,000
 669,93; 1634,000;  433,200;    0,000
 670,20; 1489,500;  -31,500;    0,000
 670,46; 1475,500;  -56,000;    0,000
 670,72; 1582,500;  265,900;    0,000
 670,98; 1711,000;  916,500;    0,000
 671,24; 1541,500;  257,300;    0,000
 671,50; 1705,500;  816,800;    0,000
 671,76; 1504,000;  215,300;    0,000
 672,03; 1667,500;  767,800;    0,000
 672,29; 1566,500;  -57,700;    0,000
 672,55; 1446,000; -807,200;    0,000
 672,81; 1440,000; -316,400;    0,000
 673,07; 1582,000; -195,700;    0,000
 673,33; 1575,000; -264,200;    0,000
 673,59; 1702,000;  346,900;    0,000
 673,86; 1664,500; -303,000;    0,000
 674,12; 1781,000;  525,400;    0,000
 674,38; 1631,000;  -86,500;    0,000
 674,64; 1760,500;  602,100;    0,000
 674,90; 1762,500; -444,000;    0,000
 675,16; 1703,000;  319,400;    0,000
 675,42; 1848,000;  488,200;    0,000
 675,68; 1803,500;  308,100;    0,000
 675,94; 1846,500;  185,200;    0,000
 676,21; 1653,500; -502,900;    0,000
 676,47; 1641,500;  168,800;    0,000
 676,73; 1582,000; -733,400;    0,000
 676,99; 1819,000;  105,800;    0,000
 677,25; 1988,500;  787,300;    0,000
 677,51; 1680,000; -294,500;    0,000
 677,77; 1825,500;  284,500;    0,000
 678,03; 1955,000; 1015,600;    0,000
 678,29; 1648,500; -614,500;    0,000
 678,55; 1908,500;    7,500;    0,000
 678,81; 1820,000; -424,000;    0,000
 679,07; 1957,000;  512,100;    0,000
 679,33; 1896,500; -160,500;    0,000
 679,59; 1853,500;  589,800;    0,000
 679,86; 1842,500; -335,200;    0,000
 680,12; 1739,000; -919,100;    0,000
 680,38; 1944,500;  -81,900;    0,000
 680,64; 1994,500;  408,500;    0,000
 680,90; 2055,500;  367,100;    0,000
 681,16; 1817,500; -230,000;    0,000
 681,42; 1960,500;   40,100;    0,000
 681,68; 2044,500;   38,300;    0,000
 681,94; 2088,000; -359,900;    0,000
 682,20; 2036,000; -758,800;    0,000
 682,46; 1936,000; -710,400;    0,000
 682,72; 2035,500; -471,600;    0,000
 682,98; 2023,500; -429,300;    0,000
 683,24; 2113,000;  297,200;    0,000
 683,50; 2059,000;  245,100;    0,000
 683,76; 2090,500;  -50,400;    0,000
 684,02; 2200,000;  178,800;    0,000
 684,28; 2104,000; -889,300;    0,000
 684,54; 2092,500; -553,600;    0,000
 684,80; 2215,500; -825,100;    0,000
 685,06; 2139,500; -751,000;    0,000
 685,32; 2186,500; -192,300;    0,000
 685,58; 2174,000; -627,700;    0,000
 685,84; 2265,500; -589,500;    0,000
 686,10; 2187,500;  560,700;    0,000
 686,36; 2370,000; -205,800;    0,000
 686,62; 2314,000; -364,600;    0,000
 686,88; 2184,000; -283,800;    0,000
 687,14; 2236,500; -668,400;    0,000
 687,40; 2262,000; -233,100;    0,000
 687,66; 2317,000;  -85,500;    0,000
 687,92; 2173,500; -397,800;    0,000
 688,18; 2478,000; -171,300;    0,000
 688,44; 2406,500;  -82,000;    0,000
 688,70; 2531,000;  102,700;    0,000
 688,96; 2319,000; -121,100;    0,000
 689,22; 2446,000; -196,900;    0,000
 689,48; 2458,000; -197,800;    0,000
 689,73; 2427,500; -407,000;    0,000
 689,99; 2400,000;  -88,900;    0,000
 690,25; 2439,500; -167,600;    0,000
 690,51; 2682,500;  119,600;    0,000
 690,77; 2627,000; -456,900;    0,000
 691,03; 2750,000;  -16,200;    0,000
 691,29; 2669,000; -472,200;    0,000
 691,55; 2816,000; -478,000;    0,000
 691,81; 2791,500; -108,200;    0,000
 692,07; 2873,000; -459,800;    0,000
 692,33; 3115,000;  259,300;    0,000
 692,59; 3098,500;  223,000;    0,000
 692,85; 3250,000;  367,600;    0,000
 693,10; 3150,000; -166,000;    0,000
 693,36; 3073,500;  399,500;    0,000
 693,62; 2902,000;  -52,300;    0,000
 693,88; 3183,500;  175,000;    0,000
 694,14; 3232,500; -148,000;    0,000
 694,40; 3176,000;  -75,700;    0,000
 694,66; 3120,000; -748,700;    0,000
 694,92; 3180,000; -613,100;    0,000
 695,18; 3293,000; -331,800;    0,000
 695,43; 3399,000; -353,100;    0,000
 695,69; 3420,000;  284,500;    0,000
 695,95; 3399,000; -321,000;    0,000
 696,21; 3402,000; -595,700;    0,000
 696,47; 3609,500;  447,000;    0,000
 696,73; 3274,500;  427,500;    0,000
 696,99; 3571,000;  304,200;    0,000
 697,25; 3629,000;  476,800;    0,000
 697,50; 3517,000; -312,600;    0,000
 697,76; 3557,000; -160,700;    0,000
 698,02; 3467,500; -233,900;    0,000
 698,28; 3764,000;  -45,700;    0,000
 698,54; 3643,500;  324,600;    0,000
 698,80; 3533,000; -179,000;    0,000
 699,05; 3472,500; -525,300;    0,000
 699,31; 3570,000; -295,400;    0,000
 699,57; 3565,000; -419,200;    0,000
 699,83; 3707,000; -322,000;    0,000
 700,09; 3891,500;  799,400;    0,000
 700,35; 3729,500; 1292,000;    0,000
 700,60; 3718,000; -700,300;    0,000
 700,86; 4056,000;  383,400;    0,000
 701,12; 3964,500; -134,800;    0,000
 701,38; 4141,000;  808,300;    0,000
 701,64; 4264,500;  572,400;    0,000
 701,89; 4138,000; -531,100;    0,000
 702,15; 4106,000;  271,300;    0,000
 702,41; 4230,500; -322,200;    0,000
 702,67; 4295,500; -582,900;    0,000
 702,93; 4497,500; -275,700;    0,000
 703,18; 4441,000; -271,300;    0,000
 703,44; 4638,000; 1031,600;    0,000
 703,70; 4333,000; -115,300;    0,000
 703,96; 4447,000; -168,400;    0,000
 704,22; 4776,000; 1679,300;    0,000
 704,47; 4458,500;  220,400;    0,000
 704,73; 4623,000;  335,400;    0,000
 704,99; 4425,500;  202,300;    0,000
 705,25; 4504,500; -181,000;    0,000
 705,50; 4854,500;  -64,200;    0,000
 705,76; 4671,000;   59,400;    0,000
 706,02; 4579,500; -280,900;    0,000
 706,28; 4670,500;  729,900;    0,000
 706,53; 4618,500; -404,500;    0,000
 706,79; 4727,500; -355,400;    0,000
 707,05; 4776,000;  600,100;    0,000
 707,31; 4680,000; -237,800;    0,000
 707,56; 5109,500; 1367,600;    0,000
 707,82; 4594,500; -338,600;    0,000
 708,08; 4980,000;  478,100;    0,000
 708,34; 4577,000; -343,400;    0,000
 708,59; 4754,500; -264,900;    0,000
 708,85; 4947,000;  376,500;    0,000
 709,11; 4720,500; -668,400;    0,000
 709,36; 4870,000;  550,200;    0,000
 709,62; 4723,000; -394,200;    0,000
 709,88; 4892,500;  286,900;    0,000
 710,14; 4694,500; -127,400;    0,000
 710,39; 4893,500;  375,200;    0,000
 710,65; 4772,500; -266,900;    0,000
 710,91; 4900,500; -264,600;    0,000
 711,16; 4808,500;  294,100;    0,000
 711,42; 4758,000; -517,700;    0,000
 711,68; 4806,000;   93,600;    0,000
 711,93; 4743,500; -435,500;    0,000
 712,19; 4954,500;  882,200;    0,000
 712,45; 4663,500;  450,100;    0,000
 712,70; 4438,500;   -1,500;    0,000
 712,96; 4802,000;  377,900;    0,000
 713,22; 4515,000; -387,700;    0,000
 713,47; 4279,000; -414,700;    0,000
 713,73; 4304,000; -831,400;    0,000
 713,99; 4324,000; -726,400;    0,000
 714,24; 4441,000; 1586,200;    0,000
 714,50; 4098,500; -761,600;    0,000
 714,76; 4142,500; -539,500;    0,000
 715,01; 4146,000; -484,700;    0,000
 715,27; 4071,000; -269,600;    0,000
 715,53; 4247,500; -217,100;    0,000
 715,78; 4119,500; -200,500;    0,000
 716,04; 4079,000; -163,000;    0,000
 716,30; 4365,000;  284,300;    0,000
 716,55; 4048,500; -373,600;    0,000
 716,81; 4322,000;   93,800;    0,000
 717,07; 4156,000;  162,000;    0,000
 717,32; 4027,500; -334,100;    0,000
 717,58; 4054,500;  141,800;    0,000
 717,83; 4117,500;  504,000;    0,000
 718,09; 3957,000;  199,900;    0,000
 718,35; 4005,000; -444,300;    0,000
 718,60; 3968,000;  107,100;    0,000
 718,86; 4164,500;  703,500;    0,000
 719,11; 4077,000; -297,000;    0,000
 719,37; 3851,000; -337,800;    0,000
 719,63; 3966,500;  267,700;    0,000
 719,88; 3971,000;  768,200;    0,000
 720,14; 3874,000; -497,400;    0,000
 720,39; 3779,500; -377,000;    0,000
 720,65; 3770,500; -668,700;    0,000
 720,91; 3784,500;   72,500;    0,000
 721,16; 3919,500;  609,600;    0,000
 721,42; 3878,500;  105,300;    0,000
 721,67; 3971,500;  610,400;    0,000
 721,93; 3756,500; -563,300;    0,000
 722,18; 3814,500;  457,300;    0,000
 722,44; 3818,000;  292,900;    0,000
 722,69; 3936,500;  816,900;    0,000
 722,95; 3892,000;    2,800;    0,000
 723,21; 3782,000;  217,000;    0,000
 723,46; 3970,500;  575,700;    0,000
 723,72; 3742,000; -267,600;    0,000
 723,97; 3974,500;   83,800;    0,000
 724,23; 4127,000;  594,900;    0,000
 724,48; 4064,500;  769,700;    0,000
 724,74; 3891,500; -130,300;    0,000
 724,99; 3844,000; -553,600;    0,000
 725,25; 3994,500; -120,400;    0,000
 725,50; 3961,000;   26,500;    0,000
 725,76; 4095,500;  894,600;    0,000
 726,01; 3825,000; -304,800;    0,000
 726,27; 3984,000;  -70,700;    0,000
 726,52; 4043,500; -375,800;    0,000
 726,78; 4010,500; -108,200;    0,000
 727,04; 3929,000; -211,900;    0,000
 727,29; 3906,500; -127,100;    0,000
 727,55; 3919,000; -227,600;    0,000
 727,80; 3979,500;    2,000;    0,000
 728,05; 3800,500; -720,800;    0,000
 728,31; 3842,500; -114,800;    0,000
 728,56; 3974,500; -892,800;    0,000
 728,82; 3860,500; -390,300;    0,000
 729,07; 3757,000;   32,700;    0,000
 729,33; 3799,500; -261,000;    0,000
 729,58; 3849,500; -510,700;    0,000
 729,84; 3853,000;   35,800;    0,000
 730,09; 3953,500;  632,400;    0,000
 730,35; 3676,500;  -85,700;    0,000
 730,60; 3719,000; -891,800;    0,000
 730,86; 3717,500;  -45,500;    0,000
 731,11; 3546,500; -872,100;    0,000
 731,37; 3741,000; -323,400;    0,000
 731,62; 3605,500; -303,500;    0,000
 731,88; 3570,500; -471,600;    0,000
 732,13; 3730,000;  142,700;    0,000
 732,38; 4134,000;  591,600;    0,000
 732,64; 4384,000;  357,500;    0,000
 732,89; 4583,500; 1607,500;    0,000
 733,15; 4521,500; -327,100;    0,000
 733,40; 4511,000; -366,100;    0,000
 733,66; 4699,000;  -92,600;    0,000
 733,91; 4970,000;  293,600;    0,000
 734,16; 4825,000; -550,100;    0,000
 734,42; 5013,500;  -96,300;    0,000
 734,67; 5070,500;   98,000;    0,000
 734,93; 4923,500; -443,800;    0,000
 735,18; 6675,000; -375,300;    0,000
 735,43; 5119,500; -456,100;    0,000
 735,69; 5245,000; -343,500;    0,000
 735,94; 5407,500;  514,000;    0,000
 736,20; 5259,000; -323,500;    0,000
 736,45; 5229,500;   81,700;    0,000
 736,70; 5132,000; -432,500;    0,000
 736,96; 5196,500; -328,600;    0,000
 737,21; 5192,000; -271,100;    0,000
 737,47; 5212,500;  139,700;    0,000
 737,72; 5083,000; -654,800;    0,000
 737,97; 5375,000;  -24,100;    0,000
 738,23; 5217,500; -242,600;    0,000
 738,48; 5244,000;  363,600;    0,000
 738,73; 5014,500; -938,400;    0,000
 738,99; 5158,500;  311,000;    0,000
 739,24; 5077,500; -154,800;    0,000
 739,49; 5077,000; -370,300;    0,000
 739,75; 4979,000; -106,300;    0,000
 740,00; 4960,000;  -48,100;    0,000
 740,26; 5201,500;  171,100;    0,000
 740,51; 4964,000;  183,100;    0,000
 740,76; 4857,500; -554,500;    0,000
 741,02; 4910,500;  532,500;    0,000
 741,27; 4815,500;  301,400;    0,000
 741,52; 4705,000;  197,700;    0,000
 741,78; 4502,500; -645,100;    0,000
 742,03; 4413,000;   27,000;    0,000
 742,28; 4507,500;  208,600;    0,000
 742,53; 4273,000; -190,300;    0,000
 742,79; 4128,500; -891,700;    0,000
 743,04; 3962,000; -678,600;    0,000
 743,29; 3879,500;  -89,700;    0,000
 743,55; 3730,500; -197,200;    0,000
 743,80; 3678,000; -613,800;    0,000
 744,05; 3646,500;  587,200;    0,000
 744,31; 3930,500; 1169,800;    0,000
 744,56; 4124,500;  -80,400;    0,000
 744,81; 3966,500; -163,300;    0,000
 745,06; 4191,000;  322,900;    0,000
 745,32; 4201,500;  449,800;    0,000
 745,57; 4347,000; -831,700;    0,000
 745,82; 4531,500; -118,900;    0,000
 746,08; 4945,500;  -32,800;    0,000
 746,33; 5294,500;  285,300;    0,000
 746,58; 5386,500; -628,800;    0,000
 746,83; 5704,500;   34,200;    0,000
 747,09; 5814,000; -211,400;    0,000
 747,34; 6064,000; -491,300;    0,000
 747,59; 6294,000; -418,200;    0,000
 747,84; 6431,500;    4,400;    0,000
 748,10; 6263,000; -128,200;    0,000
 748,35; 6716,500;  736,000;    0,000
 748,60; 6421,000; -744,000;    0,000
 748,85; 6741,500;  411,900;    0,000
 749,11; 6909,500; -372,500;    0,000
 749,36; 6768,000;  395,700;    0,000
 749,61; 6601,500; -775,300;    0,000
 749,86; 6820,000; -290,500;    0,000
 750,12; 6846,000; -580,400;    0,000
 750,37; 6951,000; -340,000;    0,000
 750,62; 6851,000;  -53,300;    0,000
 750,87; 7071,000;  100,900;    0,000
 751,12; 6849,000; -121,600;    0,000
 751,38; 7119,500;  791,500;    0,000
 751,63; 6810,500; -439,600;    0,000
 751,88; 6748,500; -283,500;    0,000
 752,13; 6650,500; -475,700;    0,000
 752,38; 6841,000;   -0,100;    0,000
 752,64; 6902,000;  422,500;    0,000
 752,89; 6595,500;  273,600;    0,000
 753,14; 6600,000;  402,400;    0,000
 753,39; 6572,500;  778,700;    0,000
 753,64; 6409,500;  116,900;    0,000
 753,89; 6361,500;  186,700;    0,000
 754,15; 6070,000; -936,600;    0,000
 754,40; 6033,500;  -89,400;    0,000
 754,65; 5626,500; -654,700;    0,000
 754,90; 5589,000;  463,800;    0,000
 755,15; 5633,500; 1202,800;    0,000
 755,40; 5118,500;  127,700;    0,000
 755,66; 4998,500; -191,300;    0,000
 755,91; 4663,500;  -16,600;    0,000
 756,16; 4692,500;  852,000;    0,000
 756,41; 4191,000; -317,600;    0,000
 756,66; 3700,500; -541,000;    0,000
 756,91; 3533,500; -237,700;    0,000
 757,16; 3626,000; 1452,300;    0,000
 757,42; 3610,500; -614,000;    0,000
 757,67; 3880,500; -384,200;    0,000
 757,92; 4217,500; -215,600;    0,000
 758,17; 4610,000;  -41,600;    0,000
 758,42; 4530,000; -303,600;    0,000
 758,67; 4639,500; -131,700;    0,000
 758,92; 4875,500; -278,500;    0,000
 759,17; 5363,500;  314,900;    0,000
 759,43; 5356,500; -795,400;    0,000
 759,68; 5622,000;  -87,500;    0,000
 759,93; 5958,000; -395,200;    0,000
 760,18; 6117,500;  162,000;    0,000
 760,43; 6317,000; -677,300;    0,000
 760,68; 6392,500;  131,800;    0,000
 760,93; 6225,000;  121,900;    0,000
 761,18; 6606,000;  504,900;    0,000
 761,43; 6755,000;   60,700;    0,000
 761,68; 6777,500;  322,500;    0,000
 761,93; 6737,500; -653,200;    0,000
 762,19; 6968,500; -711,000;    0,000
 762,44; 6928,000; -349,600;    0,000
 762,69; 6934,500; -718,700;    0,000
 762,94; 7061,000; -124,300;    0,000
 763,19; 6926,500;  211,900;    0,000
 763,44; 6854,500;  -11,200;    0,000
 763,69; 6780,000; -201,200;    0,000
 763,94; 6970,500;  729,100;    0,000
 764,19; 7082,500;   55,500;    0,000
 764,44; 7042,500; -335,600;    0,000
 764,69; 6819,000;  323,100;    0,000
 764,94; 6532,000; -104,600;    0,000
 765,19; 6673,000; -695,200;    0,000
 765,44; 6644,500;  -45,800;    0,000
 765,69; 6542,500; -250,800;    0,000
 765,94; 6504,000;  494,700;    0,000
 766,19; 6787,000;  387,800;    0,000
 766,44; 6865,500;  397,200;    0,000
 766,69; 6886,500; -189,600;    0,000
 766,94; 6924,500; -672,200;    0,000
 767,19; 6803,000; -369,000;    0,000
 767,44; 6510,500; -319,800;    0,000
 767,69; 6679,000; -412,300;    0,000
 767,94; 6551,500;  523,200;    0,000
 768,19; 6487,500;   29,100;    0,000
 768,44; 6147,500; -189,200;    0,000
 768,69; 5947,000; -254,300;    0,000
 768,94; 5824,000;  176,800;    0,000
 769,19; 5552,500; -620,100;    0,000
 769,44; 5368,000; -101,100;    0,000
 769,69; 5210,500;  701,900;    0,000
 769,94; 4631,500;  408,700;    0,000
 770,19; 4153,000; -304,400;    0,000
 770,44; 3821,500;   72,400;    0,000
 770,69; 3245,000; -335,400;    0,000
 770,94; 2826,500; -527,200;    0,000
 771,19; 2914,000; -558,000;    0,000
 771,44; 2958,000;  -23,200;    0,000
 771,69; 2887,000; -424,800;    0,000
 771,94; 2618,000; -821,700;    0,000
 772,19; 2797,000; -582,700;    0,000
 772,44; 2776,500; -694,100;    0,000
 772,69; 2758,000; -379,600;    0,000
 772,94; 2844,000; -105,500;    0,000
 773,18; 3029,000;  147,300;    0,000
 773,43; 3021,500; -203,300;    0,000
 773,68; 2899,500;  225,100;    0,000
 773,93; 2823,500;  237,200;    0,000
 774,18; 2756,000;  164,700;    0,000
 774,43; 2729,500; -498,200;    0,000
 774,68; 2733,500; -386,500;    0,000
 774,93; 2834,000; 1068,900;    0,000
 775,18; 2707,000;  396,900;    0,000
 775,43; 2492,000; -148,300;    0,000
 775,68; 2561,500;  549,500;    0,000
 775,93; 2458,000; -310,000;    0,000
 776,17; 2282,000; -570,100;    0,000
 776,42; 2318,500; -246,300;    0,000
 776,67; 2175,000; -140,800;    0,000
 776,92; 2121,000; -143,900;    0,000
 777,17; 2023,000;  283,600;    0,000
 777,42; 1876,000; -661,600;    0,000
 777,67; 1822,500; -512,500;    0,000
 777,92; 1690,500; -459,400;    0,000
 778,16; 1914,500; 1283,900;    0,000
 778,41; 1440,000; -645,300;    0,000
 778,66; 1445,000;  291,600;    0,000
 778,91; 1190,500; -427,000;    0,000
 779,16;  927,000; -647,600;    0,000
 779,41;  781,500; -604,600;    0,000
 779,66;  643,000;  -78,200;    0,000
 779,90;  506,000; -628,400;    0,000
 780,15;  573,500;  164,700;    0,000
 780,40;  515,000; -439,900;    0,000
 780,65;  578,000; -350,100;    0,000
 780,90;  470,500; -687,900;    0,000
 781,15;  563,000;  -51,400;    0,000
 781,39;  530,000; -132,600;    0,000
 781,64;  505,500; -312,600;    0,000
 781,89;  442,000; -787,900;    0,000
 782,14;  488,500;   33,000;    0,000
 782,39;  426,000; -348,500;    0,000
 782,63;  471,000; -501,300;    0,000
 782,88;  526,000;  169,100;    0,000
 783,13;  457,000;   18,200;    0,000
 783,38;  468,500; -739,700;    0,000
 783,63;  409,000; -662,100;    0,000
 783,87;  330,500;-1008,500;    0,000
 784,12;  441,000; -196,400;    0,000
 784,37;  467,000; -214,600;    0,000
 784,62;  425,500; -447,700;    0,000
 784,87;  587,500;  747,900;    0,000
 785,11;  367,000; -182,600;    0,000
 785,36;  435,000; -329,700;    0,000
 785,61;  405,500; -486,900;    0,000
 785,86;  335,000; -773,600;    0,000
 786,10;  487,500;  439,700;    0,000
 786,35;  396,000; -153,700;    0,000
 786,60;  358,500; -796,300;    0,000
 786,85;  369,000; -243,800;    0,000
 787,09;  446,500;  334,300;    0,000
 787,34;  371,000; -444,800;    0,000
 787,59;  429,000;  102,800;    0,000
 787,84;  441,500; -231,200;    0,000
 788,08;  270,500; -514,200;    0,000
 788,33;  413,500; -380,600;    0,000
 788,58;  421,500; -670,700;    0,000
 788,83;  500,500; -652,700;    0,000
 789,07;  904,500; -108,800;    0,000
 789,32; 1324,500; 1855,400;    0,000
 789,57; 1139,000;  293,500;    0,000
 789,81; 1025,000; -495,000;    0,000
 790,06; 1359,500;   96,600;    0,000
 790,31; 1177,500; -550,200;    0,000
 790,56; 1366,500; -364,400;    0,000
 790,80; 1431,500; -145,300;    0,000
 791,05; 1604,500; -365,800;    0,000
 791,30; 1414,000; -810,700;    0,000
 791,54; 1684,000;    4,800;    0,000
 791,79; 1549,500; -155,900;    0,000
 792,04; 1483,000; -563,900;    0,000
 792,28; 1683,500; -462,600;    0,000
 792,53; 1733,000;  -51,000;    0,000
 792,78; 1839,500;  650,200;    0,000
 793,02; 1729,500; -143,000;    0,000
 793,27; 1783,000;   55,200;    0,000
 793,52; 1793,000; -136,000;    0,000
 793,76; 1845,500;    2,100;    0,000
 794,01; 1836,500;  139,900;    0,000
 794,26; 1895,000;  -84,200;    0,000
 794,50; 2020,500;  536,800;    0,000
 794,75; 1926,000;  -67,800;    0,000
 795,00; 2139,000; -153,000;    0,000
 795,24; 2256,500; -620,500;    0,000
 795,49; 2380,500; -322,000;    0,000
 795,74; 2589,500; -491,200;    0,000
 795,98; 2989,000;  536,800;    0,000
 796,23; 2939,000; -429,000;    0,000
 796,48; 3004,500; -282,800;    0,000
 796,72; 3237,500; -691,600;    0,000
 796,97; 3483,000;  217,100;    0,000
 797,21; 3347,000; -121,200;    0,000
 797,46; 3399,500; -415,600;    0,000
 797,71; 3532,500;   28,500;    0,000
 797,95; 3588,000; -279,100;    0,000
 798,20; 3595,500;  204,400;    0,000
 798,44; 3649,500; -373,200;    0,000
 798,69; 3535,000;  180,300;    0,000
 798,94; 3556,000; -331,000;    0,000
 799,18; 3425,000; -557,800;    0,000
 799,43; 3728,000;   36,300;    0,000
 799,67; 3508,000;   76,900;    0,000
 799,92; 3444,500;   66,300;    0,000
 800,16; 3493,500; -191,000;    0,000
 800,41; 3414,500;  216,800;    0,000
 800,66; 3069,000; -807,200;    0,000
 800,90; 3250,000;  -71,400;    0,000
 801,15; 3273,500;  -21,300;    0,000
 801,39; 2931,000;  355,900;    0,000
 801,64; 2943,500; -301,100;    0,000
 801,88; 2694,500; -437,600;    0,000
 802,13; 2675,500; -191,300;    0,000
 802,38; 2481,500; -574,100;    0,000
 802,62; 2554,500; -496,900;    0,000
 802,87; 2389,500; -479,200;    0,000
 803,11; 2436,500; -404,700;    0,000
 803,36; 2396,500; -402,500;    0,000
 803,60; 2477,000; -324,500;    0,000
 803,85; 2691,500;  576,700;    0,000
 804,09; 2684,000; -237,100;    0,000
 804,34; 2765,000; -368,200;    0,000
 804,58; 3018,500; -446,900;    0,000
 804,83; 3140,500; -316,400;    0,000
 805,07; 3126,000; -713,600;    0,000
 805,32; 3782,000;  292,300;    0,000
 805,56; 4346,500;  350,800;    0,000
 805,81; 4761,000; -294,700;    0,000
 806,05; 5153,500; -508,000;    0,000
 806,30; 5441,000;   50,400;    0,000
 806,54; 5485,000; -437,800;    0,000
 806,79; 5859,500;  285,900;    0,000
 807,03; 6060,500; -493,600;    0,000
 807,28; 6351,500; -184,500;    0,000
 807,52; 6369,500; -241,500;    0,000
 807,77; 6574,500;   93,200;    0,000
 808,01; 6419,000; -616,400;    0,000
 808,26; 6546,500; -182,900;    0,000
 808,50; 6557,000;  666,100;    0,000
 808,75; 6369,500;  -54,800;    0,000
 808,99; 6626,500;  309,400;    0,000
 809,23; 6657,500;  103,200;    0,000
 809,48; 6916,500; -245,100;    0,000
 809,72; 6909,500;  -56,900;    0,000
 809,97; 6891,000; -307,900;    0,000
 810,21; 6899,000; -316,500;    0,000
 810,46; 7018,000; -177,700;    0,000
 810,70; 7104,000;  331,600;    0,000
 810,95; 7121,000; -216,500;    0,000
 811,19; 6978,500;  789,300;    0,000
 811,43; 7106,500;  880,200;    0,000
 811,68; 6897,000;  -28,200;    0,000
 811,92; 7107,000;  520,600;    0,000
 812,17; 6782,500;  461,700;    0,000
 812,41; 6540,500; -711,500;    0,000
 812,65; 7044,000;  136,100;    0,000
 812,90; 7000,000; 1074,900;    0,000
 813,14; 6913,500;  567,200;    0,000
 813,39; 6739,500;  657,200;    0,000
 813,63; 6427,500; -845,800;    0,000
 813,87; 6421,500;  167,600;    0,000
 814,12; 6235,000;  129,400;    0,000
 814,36; 6060,000;  148,400;    0,000
 814,61; 6154,000; 1703,700;    0,000
 814,85; 5575,000;  -68,400;    0,000
 815,09; 5699,500;  636,700;    0,000
 815,34; 5220,500; -660,400;    0,000
 815,58; 5061,000; -263,800;    0,000
 815,82; 4799,500; -141,700;    0,000
 816,07; 4444,500; -543,700;    0,000
 816,31; 4155,000; -233,100;    0,000
 816,56; 3879,000; -139,200;    0,000
 816,80; 3755,500; 1111,300;    0,000
 817,04; 2952,500; -362,500;    0,000
 817,29; 2784,500; -270,600;    0,000
 817,53; 2360,500;  -22,100;    0,000
 817,77; 2104,500;  -20,800;    0,000
 818,02; 1635,500; -400,900;    0,000
 818,26; 1188,500; -502,900;    0,000
 818,50;  876,500;  856,900;    0,000
 818,75;  578,500;  894,400;    0,000
 818,99;   89,000; -177,700;    0,000
 819,23;  176,000;  401,300;    0,000
 819,48;  -24,000; -500,000;    0,000
 819,72;  -66,500;-1002,300;    0,000
 819,96;   83,000; -281,500;    0,000
 820,20;   95,000; -623,500;    0,000
 820,45;  170,000; -579,500;    0,000
 820,69;  411,500;   35,800;    0,000
 820,93;  291,500; -218,200;    0,000
 821,18;  350,000; -241,300;    0,000
 821,42;  398,500; -354,300;    0,000
 821,66;  469,000; -310,200;    0,000
 821,91;  456,000;  -93,500;    0,000
 822,15;  441,000; -370,500;    0,000
 822,39;  553,000; -613,800;    0,000
 822,63;  988,500; 1887,300;    0,000
 822,88;  671,500;   35,200;    0,000
 823,12;  646,000; -248,400;    0,000
 823,36;  780,500;  218,500;    0,000
 823,60;  770,000;  535,900;    0,000
 823,85;  718,500;  -74,300;    0,000
 824,09;  757,000;  -28,600;    0,000
 824,33;  611,000; -340,000;    0,000
 824,57;  681,500; -941,100;    0,000
 824,82;  734,000;  -12,200;    0,000
 825,06;  745,500; -168,100;    0,000
 825,30;  855,500; -117,200;    0,000
 825,54;  871,000;  458,000;    0,000
 825,79;  849,000; -129,800;    0,000
 826,03;  829,500;  483,200;    0,000
 826,27;  747,000; -493,500;    0,000
 826,51;  819,000; -396,500;    0,000
 826,75;  784,500; -303,300;    0,000
 827,00;  858,500;  476,500;    0,000
 827,24;  865,500; -142,600;    0,000
 827,48;  805,500;  273,100;    0,000
 827,72;  788,500;   18,000;    0,000
 827,96;  723,500; -412,100;    0,000
 828,21;  737,000;  186,500;    0,000
 828,45;  783,000;  190,500;    0,000
 828,69;  909,500;  238,200;    0,000
 828,93;  801,500;  138,200;    0,000
 829,17;  619,000; -584,900;    0,000
 829,42;  666,500; -677,600;    0,000
 829,66;  673,500; -537,900;    0,000
 829,90;  672,000; -433,500;    0,000
 830,14;  607,500;  -36,800;    0,000
 830,38;  681,500;   61,000;    0,000
 830,62;  687,500;   99,900;    0,000
 830,87;  545,000; -605,300;    0,000
 831,11;  646,000;  528,900;    0,000
 831,35;  432,000; -646,500;    0,000
 831,59;  469,500; -220,100;    0,000
 831,83;  441,000; -100,000;    0,000
 832,07;  449,500;  534,500;    0,000
 832,31;  224,500; -910,300;    0,000
 832,56;  269,000; -247,300;    0,000
 832,80;  293,000;    8,700;    0,000
 833,04;  270,500;   45,700;    0,000
 833,28;   89,000;  -39,200;    0,000
 833,52;  134,000;  586,200;    0,000
 833,76;  -63,500; -354,600;    0,000
 834,00; -130,500; -761,300;    0,000
 834,24;    9,500;   50,400;    0,000
 834,48;  109,500;  104,400;    0,000
 834,73;  188,000;   97,300;    0,000
 834,97;  278,500;  -71,700;    0,000
 835,21;  510,000;  716,500;    0,000
 835,45;  574,500;  461,400;    0,000
 835,69;  608,000; -358,800;    0,000
 835,93;  832,000; 1080,400;    0,000
 836,17;  720,500; -253,600;    0,000
 836,41; 1025,000;   27,100;    0,000
 836,65; 1332,500;  378,700;    0,000
 836,89; 1596,000;  924,600;    0,000
 837,13; 1545,000;  -37,200;    0,000
 837,37; 1780,000;  137,400;    0,000
 837,61; 2047,000;  627,700;    0,000
 837,86; 1957,500;  349,700;    0,000
 838,10; 2340,500; 1005,300;    0,000
 838,34; 2268,500;  510,000;    0,000
 838,58; 2221,000; -309,000;    0,000
 838,82; 2334,500;   22,900;    0,000
 839,06; 2589,000;  863,400;    0,000
 839,30; 2497,000;  -69,500;    0,000
 839,54; 2718,500;  370,100;    0,000
 839,78; 2534,500; -131,800;    0,000
 840,02; 2825,500; 1369,500;    0,000
 840,26; 2761,500; -159,100;    0,000
 840,50; 3115,500; 2707,000;    0,000
 840,74; 2812,000;  710,100;    0,000
 840,98; 2616,500;   42,200;    0,000
 841,22; 2775,500;  472,500;    0,000
 841,46; 2714,000;  171,500;    0,000
 841,70; 2955,500;  552,700;    0,000
 841,94; 2665,500;  -43,800;    0,000
 842,18; 2700,000; -229,400;    0,000
 842,42; 2802,000;  428,600;    0,000
 842,66; 2626,000; -169,300;    0,000
 842,90; 2553,000; -175,600;    0,000
 843,14; 2798,000;  193,500;    0,000
 843,38; 2757,500;  244,200;    0,000
 843,62; 2568,000;  106,700;    0,000
 843,86; 2735,500;  448,600;    0,000
 844,10; 2804,500;  768,400;    0,000
 844,34; 2642,500;  200,100;    0,000
 844,58; 2483,500; -282,300;    0,000
 844,82; 2560,000;  352,900;    0,000
 845,06; 2383,000;  145,200;    0,000
 845,30; 2359,500;  795,300;    0,000
 845,54; 2181,500; -102,200;    0,000
 845,78; 2187,000; -123,100;    0,000
 846,01; 2095,000; -224,800;    0,000
 846,25; 2155,000;   81,600;    0,000
 846,49; 2120,500;   77,300;    0,000
 846,73; 2094,000;  366,700;    0,000
 846,97; 1935,500; -425,700;    0,000
 847,21; 1771,000;   12,400;    0,000
 847,45; 1674,500; -170,900;    0,000
 847,69; 1504,500; -277,200;    0,000
 847,93; 1479,000;  252,100;    0,000
 848,17; 1339,000; 1239,300;    0,000
 848,41; 1088,500; -154,500;    0,000
 848,65; 1114,500;  270,800;    0,000
 848,88;  918,500; -150,100;    0,000
 849,12;  794,500;   86,800;    0,000
 849,36;  773,500;  731,400;    0,000
 849,60;  785,500; 1181,100;    0,000
 849,84;  831,500; 2110,500;    0,000
 850,08;  600,500; 1044,800;    0,000
 850,32;  461,000;   -8,100;    0,000
 850,56;  512,000;  171,100;    0,000
 850,80;  388,000; -235,100;    0,000
 851,03;  414,000;  154,800;    0,000
 851,27;  566,000;  376,900;    0,000
 851,51;  444,500;  -40,300;    0,000
 851,75;  521,000;    1,400;    0,000
 851,99;  463,000;  -88,400;    0,000
 852,23;  468,000;  259,700;    0,000
 852,47;  572,500;  718,800;    0,000
 852,70;  615,000;  999,600;    0,000
 852,94;  488,000;  364,400;    0,000
 853,18;  489,500;  422,500;    0,000
 853,42;  554,500;  644,700;    0,000
 853,66;  451,500;  192,700;    0,000
 853,90;  550,500;  362,600;    0,000
 854,13;  493,000; -194,400;    0,000
 854,37;  746,000; 1807,000;    0,000
 854,61;  464,500;   47,000;    0,000
 854,85;  508,000;  743,100;    0,000
 855,09;  561,500;  883,100;    0,000
 855,32;  727,000; 1922,300;    0,000
 855,56;  432,000;  416,000;    0,000
 855,80;  482,500;  595,500;    0,000
 856,04;  376,000;  551,100;    0,000
 856,28;  562,000;  893,000;    0,000
 856,51;  438,500;  386,000;    0,000
 856,75;  413,500;  568,500;    0,000
 856,99;  435,500; 1377,600;    0,000
 857,23;  471,000;  928,600;    0,000
 857,47;  290,000;  401,000;    0,000
 857,70;  426,500;  750,500;    0,000
 857,94;  333,500;  702,200;    0,000
 858,18;  220,000;  718,800;    0,000
 858,42;  302,500;  933,700;    0,000
 858,65;  320,500; 1200,600;    0,000
 858,89;  208,000; 1077,700;    0,000
 859,13;  218,000;  845,800;    0,000
 859,37;  -17,000;   64,100;    0,000
 859,60;   18,500;  515,800;    0,000
 859,84;   -2,500;  270,400;    0,000
 860,08;  163,000; 1022,200;    0,000
 860,32;  -35,000;  261,900;    0,000
 860,55;   -7,500;  430,400;    0,000
 860,79;   60,500;  854,300;    0,000
 861,03;  180,000; 1123,300;    0,000
 861,27;   50,500;  463,800;    0,000
 861,50;   32,000;  333,700;    0,000
 861,74;  205,500; 1301,500;    0,000
 861,98;  246,500; 1223,100;    0,000
 862,21;  245,000; 1403,200;    0,000
 862,45;  128,500;  864,100;    0,000
 862,69;  121,000;  947,500;    0,000
 862,92;  145,000;  601,200;    0,000
 863,16;  196,000; 1324,400;    0,000
 863,40;  130,000;  498,100;    0,000
 863,64;  218,500; 1144,800;    0,000
 863,87;  118,000;  399,500;    0,000
 864,11;  125,500; 1137,700;    0,000
 864,35;  212,500;  952,800;    0,000
 864,58;  169,000;  875,900;    0,000
 864,82;  143,500;  605,200;    0,000
 865,06;  179,000; 1230,200;    0,000
 865,29;  281,000; 1233,800;    0,000
 865,53;  237,000; 1251,700;    0,000
 865,77;  282,000; 1662,100;    0,000
 866,00;  240,000; 1044,500;    0,000
 866,24;  263,000; 1522,900;    0,000
 866,47;  349,500; 1770,400;    0,000
 866,71;  199,500; 1182,900;    0,000
 866,95;  306,000; 1272,400;    0,000
 867,18;  246,000; 1026,800;    0,000
 867,42;  303,500; 1288,500;    0,000
 867,66;  238,000; 1106,300;    0,000
 867,89;  289,000; 1640,400;    0,000
 868,13;  452,000; 2140,300;    0,000
 868,36;  242,000; 1102,900;    0,000
 868,60;  179,000; 1112,900;    0,000
 868,84;  239,000; 1560,400;    0,000
 869,07;  292,000; 1326,800;    0,000
 869,31;  311,000; 1666,800;    0,000
 869,55;  302,000; 1492,100;    0,000
 869,78;  403,500; 1904,400;    0,000
 870,02;  267,000; 1472,800;    0,000
 870,25;  241,000; 1293,200;    0,000
 870,49;  352,000; 2377,000;    0,000
 870,72;  482,000; 2335,500;    0,000
 870,96;  379,000; 1974,400;    0,000
 871,20;  380,500; 1942,500;    0,000
 871,43;  253,000; 1313,700;    0,000
 871,67;  398,000; 2341,900;    0,000
 871,90;  244,500; 1750,700;    0,000
 872,14;  262,500; 1796,500;    0,000
 872,37;  312,500; 1918,300;    0,000
 872,61;  325,500; 1885,200;    0,000
 872,85;  389,000; 2162,800;    0,000
 873,08;  293,500; 2048,200;    0,000
 873,32;  461,500; 3160,100;    0,000
 873,55;  487,500; 3460,400;    0,000
 873,79;  408,000; 2944,000;    0,000
 874,02;  435,500; 3490,100;    0,000
 874,26;  497,000; 2987,000;    0,000
 874,49;  510,500; 3450,900;    0,000
 874,73;  557,000; 3625,400;    0,000
 874,96;  678,000; 4530,200;    0,000
 875,20;  564,000; 3755,700;    0,000
 875,43;  489,500; 3687,500;    0,000
 875,67;  587,500; 4587,500;    0,000
 875,90;  699,500; 5206,500;    0,000
 876,14;  758,000; 5730,500;    0,000
 876,37;  630,000; 5307,900;    0,000
 876,61;  695,000; 5427,700;    0,000
 876,84;  796,500; 5722,500;    0,000
 877,08;  849,000; 5893,900;    0,000
 877,31;  912,000; 7156,600;    0,000
 877,55; 1077,500; 7427,500;    0,000
 877,78; 1218,500; 8454,100;    0,000
 878,02; 1311,500; 9761,800;    0,000
 878,25; 1226,500; 9893,100;    0,000
 878,49; 1574,000;11550,000;    0,000
 878,72; 1737,000;12647,200;    0,000
 878,96; 1976,500;14653,700;    0,000

